MEME version 4

ALPHABET= ACGT

strands: + -

Background letter frequencies
A 0.25 C 0.25 G 0.25 T 0.25

MOTIF MA1193.1 At2g38090
letter-probability matrix: alength= 4 w= 21 nsites= 64 E= 0
 0.468750  0.203125  0.171875  0.156250
 0.593750  0.156250  0.125000  0.125000
 0.437500  0.156250  0.187500  0.218750
 0.500000  0.015625  0.328125  0.156250
 0.375000  0.031250  0.281250  0.312500
 0.531250  0.015625  0.000000  0.453125
 0.265625  0.140625  0.203125  0.390625
 0.406250  0.109375  0.000000  0.484375
 0.312500  0.000000  0.656250  0.031250
 0.000000  0.000000  1.000000  0.000000
 1.000000  0.000000  0.000000  0.000000
 0.000000  0.000000  0.015625  0.984375
 0.968750  0.015625  0.015625  0.000000
 0.984375  0.000000  0.000000  0.015625
 0.187500  0.046875  0.625000  0.140625
 0.281250  0.156250  0.375000  0.187500
 0.656250  0.062500  0.046875  0.234375
 0.109375  0.046875  0.109375  0.734375
 0.406250  0.140625  0.375000  0.078125
 0.468750  0.093750  0.281250  0.156250
 0.328125  0.000000  0.375000  0.296875
URL http://jaspar.genereg.net/matrix/MA1193.1

