MEME version 4

ALPHABET= ACGT

strands: + -

Background letter frequencies
A 0.25 C 0.25 G 0.25 T 0.25

MOTIF MA0540.1 dpy-27
letter-probability matrix: alength= 4 w= 16 nsites= 22 E= 0
 0.000000  0.272727  0.136364  0.590909
 0.090909  0.363636  0.363636  0.181818
 0.045455  0.000000  0.136364  0.818182
 0.045455  0.863636  0.000000  0.090909
 0.000000  1.000000  0.000000  0.000000
 0.000000  1.000000  0.000000  0.000000
 0.000000  0.000000  0.000000  1.000000
 0.000000  0.000000  0.636364  0.363636
 0.045455  0.863636  0.045455  0.045455
 0.000000  0.000000  1.000000  0.000000
 0.000000  0.954545  0.000000  0.045455
 0.136364  0.136364  0.590909  0.136364
 0.727273  0.000000  0.000000  0.272727
 0.363636  0.000000  0.136364  0.500000
 0.409091  0.000000  0.272727  0.318182
 0.545455  0.045455  0.409091  0.000000
URL http://jaspar.genereg.net/matrix/MA0540.1

