MEME version 4

ALPHABET= ACGT

strands: + -

Background letter frequencies
A 0.25 C 0.25 G 0.25 T 0.25

MOTIF MA0106.1 TP53
letter-probability matrix: alength= 4 w= 20 nsites= 17 E= 0
 0.294118  0.470588  0.117647  0.117647
 0.176471  0.411765  0.352941  0.058824
 0.235294  0.000000  0.764706  0.000000
 0.294118  0.000000  0.705882  0.000000
 0.764706  0.000000  0.235294  0.000000
 0.000000  1.000000  0.000000  0.000000
 1.000000  0.000000  0.000000  0.000000
 0.000000  0.000000  0.000000  1.000000
 0.000000  0.000000  1.000000  0.000000
 0.000000  0.647059  0.000000  0.352941
 0.000000  0.941176  0.000000  0.058824
 0.000000  0.941176  0.000000  0.058824
 0.058824  0.000000  0.882353  0.058824
 0.058824  0.000000  0.823529  0.117647
 0.235294  0.000000  0.764706  0.000000
 0.058824  0.823529  0.117647  0.000000
 0.882353  0.000000  0.000000  0.117647
 0.117647  0.000000  0.000000  0.882353
 0.058824  0.058824  0.823529  0.058824
 0.058824  0.117647  0.058824  0.764706
URL http://jaspar.genereg.net/matrix/MA0106.1

