MEME version 4

ALPHABET= ACGT

strands: + -

Background letter frequencies
A 0.25 C 0.25 G 0.25 T 0.25

MOTIF MA0570.1 ABF1
letter-probability matrix: alength= 4 w= 19 nsites= 44 E= 0
 0.000000  0.090909  0.727273  0.181818
 0.181818  0.045455  0.636364  0.136364
 0.431818  0.363636  0.000000  0.204545
 0.000000  0.795455  0.181818  0.022727
 0.977273  0.000000  0.022727  0.000000
 0.000000  1.000000  0.000000  0.000000
 0.000000  0.000000  1.000000  0.000000
 0.000000  0.000000  0.000000  1.000000
 0.000000  0.000000  1.000000  0.000000
 0.000000  0.000000  0.863636  0.136364
 0.000000  1.000000  0.000000  0.000000
 0.386364  0.318182  0.204545  0.090909
 0.136364  0.545455  0.204545  0.113636
 0.295455  0.136364  0.477273  0.090909
 0.454545  0.250000  0.250000  0.045455
 0.272727  0.431818  0.295455  0.000000
 0.295455  0.272727  0.386364  0.045455
 0.227273  0.136364  0.522727  0.113636
 0.295455  0.204545  0.454545  0.045455
URL http://jaspar.genereg.net/matrix/MA0570.1

