MEME version 4

ALPHABET= ACGT

strands: + -

Background letter frequencies
A 0.25 C 0.25 G 0.25 T 0.25

MOTIF MA1368.1 GT-4
letter-probability matrix: alength= 4 w= 21 nsites= 78 E= 0
 0.961538  0.000000  0.038462  0.000000
 1.000000  0.000000  0.000000  0.000000
 0.000000  1.000000  0.000000  0.000000
 0.000000  0.782051  0.000000  0.217949
 0.794872  0.000000  0.205128  0.000000
 0.000000  0.192308  0.025641  0.782051
 0.217949  0.000000  0.782051  0.000000
 0.051282  0.000000  0.948718  0.000000
 0.000000  0.012821  0.000000  0.987179
 0.000000  0.025641  0.000000  0.974359
 0.987179  0.012821  0.000000  0.000000
 0.807692  0.025641  0.166667  0.000000
 0.487179  0.115385  0.205128  0.192308
 0.423077  0.038462  0.076923  0.461538
 0.115385  0.294872  0.064103  0.525641
 0.282051  0.051282  0.102564  0.564103
 0.192308  0.025641  0.128205  0.653846
 0.589744  0.128205  0.089744  0.192308
 0.628205  0.076923  0.089744  0.205128
 0.217949  0.525641  0.089744  0.166667
 0.307692  0.487179  0.051282  0.153846
URL http://jaspar.genereg.net/matrix/MA1368.1

