MEME version 4

ALPHABET= ACGT

strands: + -

Background letter frequencies
A 0.25 C 0.25 G 0.25 T 0.25

MOTIF MA0017.1 NR2F1
letter-probability matrix: alength= 4 w= 14 nsites= 13 E= 0
 0.000000  0.000000  0.153846  0.846154
 0.076923  0.000000  0.923077  0.000000
 0.923077  0.000000  0.076923  0.000000
 0.461538  0.538462  0.000000  0.000000
 0.000000  1.000000  0.000000  0.000000
 0.000000  0.230769  0.000000  0.769231
 0.000000  0.153846  0.000000  0.846154
 0.076923  0.000000  0.000000  0.923077
 0.153846  0.000000  0.846154  0.000000
 0.461538  0.307692  0.230769  0.000000
 0.461538  0.384615  0.076923  0.076923
 0.076923  0.769231  0.076923  0.076923
 0.230769  0.461538  0.000000  0.307692
 0.000000  0.230769  0.230769  0.538462
URL http://jaspar.genereg.net/matrix/MA0017.1

