MEME version 4

ALPHABET= ACGT

strands: + -

Background letter frequencies
A 0.25 C 0.25 G 0.25 T 0.25

MOTIF MA0112.1 ESR1
letter-probability matrix: alength= 4 w= 18 nsites= 9 E= 0
 0.111111  0.555556  0.111111  0.222222
 0.111111  0.555556  0.111111  0.222222
 0.777778  0.111111  0.111111  0.000000
 0.222222  0.000000  0.777778  0.000000
 0.000000  0.000000  1.000000  0.000000
 0.000000  0.000000  0.000000  1.000000
 0.000000  0.777778  0.222222  0.000000
 0.666667  0.000000  0.222222  0.111111
 0.111111  0.777778  0.111111  0.000000
 0.222222  0.555556  0.111111  0.111111
 0.333333  0.222222  0.444444  0.000000
 0.111111  0.111111  0.111111  0.666667
 0.111111  0.000000  0.888889  0.000000
 0.555556  0.111111  0.333333  0.000000
 0.000000  0.888889  0.000000  0.111111
 0.000000  1.000000  0.000000  0.000000
 0.222222  0.444444  0.000000  0.333333
 0.333333  0.444444  0.111111  0.111111
URL http://jaspar.genereg.net/matrix/MA0112.1

