MEME version 4

ALPHABET= ACGT

strands: + -

Background letter frequencies
A 0.25 C 0.25 G 0.25 T 0.25

MOTIF MA0047.1 Foxa2
letter-probability matrix: alength= 4 w= 12 nsites= 17 E= 0
 0.352941  0.411765  0.176471  0.058824
 0.647059  0.176471  0.058824  0.117647
 0.470588  0.176471  0.058824  0.294118
 0.000000  0.058824  0.000000  0.941176
 0.647059  0.000000  0.352941  0.000000
 0.000000  0.058824  0.000000  0.941176
 0.000000  0.058824  0.000000  0.941176
 0.000000  0.000000  0.352941  0.647059
 0.529412  0.000000  0.470588  0.000000
 0.000000  0.529412  0.000000  0.470588
 0.058824  0.058824  0.058824  0.823529
 0.000000  0.294118  0.000000  0.705882
URL http://jaspar.genereg.net/matrix/MA0047.1

