MEME version 4

ALPHABET= ACGT

strands: + -

Background letter frequencies
A 0.25 C 0.25 G 0.25 T 0.25

MOTIF MA0065.1 PPARG::RXRA
letter-probability matrix: alength= 4 w= 20 nsites= 41 E= 0
 0.243902  0.292683  0.170732  0.292683
 0.170732  0.317073  0.195122  0.317073
 0.463415  0.097561  0.146341  0.292683
 0.317073  0.024390  0.658537  0.000000
 0.414634  0.000000  0.585366  0.000000
 0.000000  0.000000  1.000000  0.000000
 0.000000  0.000000  0.951220  0.048780
 0.000000  0.048780  0.000000  0.951220
 0.048780  0.902439  0.048780  0.000000
 1.000000  0.000000  0.000000  0.000000
 1.000000  0.000000  0.000000  0.000000
 0.951220  0.000000  0.048780  0.000000
 0.000000  0.000000  1.000000  0.000000
 0.000000  0.000000  0.951220  0.048780
 0.000000  0.048780  0.000000  0.951220
 0.048780  0.878049  0.024390  0.048780
 0.926829  0.024390  0.048780  0.000000
 0.243902  0.292683  0.097561  0.365854
 0.317073  0.365854  0.219512  0.097561
 0.170732  0.243902  0.292683  0.292683
URL http://jaspar.genereg.net/matrix/MA0065.1

