MEME version 4

ALPHABET= ACGT

strands: + -

Background letter frequencies
A 0.25 C 0.25 G 0.25 T 0.25

MOTIF MA0114.1 HNF4A
letter-probability matrix: alength= 4 w= 13 nsites= 67 E= 0
 0.417910  0.104478  0.402985  0.074627
 0.029851  0.029851  0.835821  0.104478
 0.179104  0.059701  0.522388  0.238806
 0.074627  0.343284  0.298507  0.283582
 0.044776  0.761194  0.059701  0.134328
 0.880597  0.014925  0.044776  0.059701
 0.791045  0.029851  0.149254  0.029851
 0.835821  0.014925  0.119403  0.029851
 0.059701  0.059701  0.865672  0.014925
 0.089552  0.029851  0.492537  0.388060
 0.044776  0.328358  0.164179  0.462687
 0.059701  0.731343  0.074627  0.134328
 0.626866  0.104478  0.149254  0.119403
URL http://jaspar.genereg.net/matrix/MA0114.1

