MEME version 4

ALPHABET= ACGT

strands: + -

Background letter frequencies
A 0.25 C 0.25 G 0.25 T 0.25

MOTIF MA0005.2 AG
letter-probability matrix: alength= 4 w= 18 nsites= 66 E= 0
 0.318182  0.303030  0.090909  0.287879
 0.136364  0.045455  0.045455  0.772727
 0.151515  0.000000  0.015152  0.833333
 0.439394  0.121212  0.121212  0.318182
 0.000000  1.000000  0.000000  0.000000
 0.000000  0.984848  0.000000  0.015152
 0.469697  0.045455  0.090909  0.393939
 0.712121  0.030303  0.000000  0.257576
 0.787879  0.000000  0.015152  0.196970
 0.378788  0.000000  0.015152  0.606061
 0.257576  0.227273  0.166667  0.348485
 0.287879  0.121212  0.303030  0.287879
 0.106061  0.000000  0.863636  0.030303
 0.030303  0.000000  0.818182  0.151515
 0.333333  0.257576  0.075758  0.333333
 0.681818  0.060606  0.075758  0.181818
 0.606061  0.090909  0.136364  0.166667
 0.227273  0.151515  0.242424  0.378788
URL http://jaspar.genereg.net/matrix/MA0005.2

