MEME version 4

ALPHABET= ACGT

strands: + -

Background letter frequencies
A 0.25 C 0.25 G 0.25 T 0.25

MOTIF MA0120.1 id1
letter-probability matrix: alength= 4 w= 12 nsites= 24 E= 0
 0.041667  0.041667  0.083333  0.833333
 0.125000  0.125000  0.166667  0.583333
 0.041667  0.083333  0.375000  0.500000
 0.000000  0.375000  0.125000  0.500000
 0.000000  0.541667  0.166667  0.291667
 0.083333  0.458333  0.166667  0.291667
 0.125000  0.333333  0.083333  0.458333
 0.041667  0.041667  0.041667  0.875000
 0.333333  0.208333  0.041667  0.416667
 0.000000  0.250000  0.291667  0.458333
 0.000000  0.708333  0.000000  0.291667
 0.083333  0.000000  0.750000  0.166667
URL http://jaspar.genereg.net/matrix/MA0120.1

