MEME version 4

ALPHABET= ACGT

strands: + -

Background letter frequencies
A 0.25 C 0.25 G 0.25 T 0.25

MOTIF MA0577.1 SPL3
letter-probability matrix: alength= 4 w= 16 nsites= 34 E= 0
 0.382353  0.088235  0.264706  0.264706
 0.235294  0.058824  0.235294  0.470588
 0.411765  0.000000  0.176471  0.411765
 0.294118  0.029412  0.382353  0.294118
 0.382353  0.441176  0.029412  0.147059
 0.058824  0.852941  0.058824  0.029412
 0.000000  0.000000  1.000000  0.000000
 0.000000  0.000000  0.000000  1.000000
 1.000000  0.000000  0.000000  0.000000
 0.000000  1.000000  0.000000  0.000000
 0.294118  0.205882  0.205882  0.294118
 0.382353  0.176471  0.058824  0.382353
 0.235294  0.264706  0.117647  0.382353
 0.294118  0.235294  0.058824  0.411765
 0.352941  0.205882  0.000000  0.441176
 0.264706  0.352941  0.088235  0.294118
URL http://jaspar.genereg.net/matrix/MA0577.1

