MEME version 4

ALPHABET= ACGT

strands: + -

Background letter frequencies
A 0.25 C 0.25 G 0.25 T 0.25

MOTIF MA1284.1 TCP1
letter-probability matrix: alength= 4 w= 30 nsites= 95 E= 0
 0.378947  0.073684  0.168421  0.378947
 0.042105  0.073684  0.884211  0.000000
 0.000000  0.063158  0.052632  0.884211
 0.000000  0.000000  1.000000  0.000000
 0.000000  0.000000  1.000000  0.000000
 0.000000  0.000000  1.000000  0.000000
 0.084211  0.568421  0.084211  0.263158
 0.000000  0.989474  0.010526  0.000000
 0.000000  1.000000  0.000000  0.000000
 0.094737  0.863158  0.000000  0.042105
 0.547368  0.273684  0.084211  0.094737
 0.157895  0.642105  0.021053  0.178947
 0.168421  0.357895  0.231579  0.242105
 0.136842  0.231579  0.126316  0.505263
 0.221053  0.389474  0.157895  0.231579
 0.210526  0.357895  0.105263  0.326316
 0.168421  0.294737  0.084211  0.452632
 0.242105  0.452632  0.115789  0.189474
 0.263158  0.189474  0.126316  0.421053
 0.168421  0.326316  0.263158  0.242105
 0.231579  0.231579  0.178947  0.357895
 0.242105  0.273684  0.115789  0.368421
 0.157895  0.136842  0.378947  0.326316
 0.210526  0.115789  0.421053  0.252632
 0.157895  0.157895  0.378947  0.305263
 0.294737  0.378947  0.105263  0.221053
 0.200000  0.389474  0.157895  0.252632
 0.231579  0.284211  0.189474  0.294737
 0.378947  0.200000  0.221053  0.200000
 0.126316  0.368421  0.084211  0.421053
URL http://jaspar.genereg.net/matrix/MA1284.1

