MEME version 4

ALPHABET= ACGT

strands: + -

Background letter frequencies
A 0.25 C 0.25 G 0.25 T 0.25

MOTIF MA1354.1 AT4G12670
letter-probability matrix: alength= 4 w= 29 nsites= 42 E= 0
 0.000000  0.833333  0.000000  0.166667
 0.071429  0.071429  0.000000  0.857143
 0.976190  0.000000  0.000000  0.023810
 0.976190  0.000000  0.000000  0.023810
 0.928571  0.023810  0.023810  0.023810
 0.000000  1.000000  0.000000  0.000000
 0.095238  0.833333  0.023810  0.047619
 0.000000  0.976190  0.000000  0.023810
 0.023810  0.000000  0.023810  0.952381
 0.904762  0.000000  0.023810  0.071429
 0.952381  0.000000  0.047619  0.000000
 0.928571  0.000000  0.071429  0.000000
 0.023810  0.857143  0.000000  0.119048
 0.000000  0.928571  0.047619  0.023810
 0.142857  0.761905  0.023810  0.071429
 0.023810  0.023810  0.000000  0.952381
 1.000000  0.000000  0.000000  0.000000
 0.809524  0.047619  0.023810  0.119048
 0.857143  0.023810  0.047619  0.071429
 0.047619  0.833333  0.047619  0.071429
 0.166667  0.666667  0.000000  0.166667
 0.000000  0.928571  0.000000  0.071429
 0.190476  0.000000  0.000000  0.809524
 0.904762  0.071429  0.000000  0.023810
 0.952381  0.000000  0.000000  0.047619
 0.952381  0.000000  0.023810  0.023810
 0.119048  0.833333  0.000000  0.047619
 0.000000  0.928571  0.023810  0.047619
 0.000000  0.761905  0.095238  0.142857
URL http://jaspar.genereg.net/matrix/MA1354.1

