MEME version 4

ALPHABET= ACGT

strands: + -

Background letter frequencies
A 0.25 C 0.25 G 0.25 T 0.25

MOTIF MA0582.1 RAV1
letter-probability matrix: alength= 4 w= 12 nsites= 49 E= 0
 0.285714  0.346939  0.244898  0.122449
 0.313725  0.215686  0.196078  0.274510
 0.122807  0.245614  0.614035  0.017544
 0.000000  1.000000  0.000000  0.000000
 0.691176  0.176471  0.132353  0.000000
 0.898551  0.057971  0.043478  0.000000
 0.000000  1.000000  0.000000  0.000000
 1.000000  0.000000  0.000000  0.000000
 0.130435  0.101449  0.463768  0.304348
 0.594203  0.057971  0.057971  0.289855
 0.492754  0.086957  0.144928  0.275362
 0.391304  0.130435  0.246377  0.231884
URL http://jaspar.genereg.net/matrix/MA0582.1

MEME version 4

ALPHABET= ACGT

strands: + -

Background letter frequencies
A 0.25 C 0.25 G 0.25 T 0.25

MOTIF MA0583.1 RAV1(var.2)
letter-probability matrix: alength= 4 w= 12 nsites= 62 E= 0
 0.354839  0.193548  0.161290  0.290323
 0.203125  0.234375  0.125000  0.437500
 0.123077  0.753846  0.015385  0.107692
 0.615385  0.092308  0.123077  0.169231
 0.015385  0.861538  0.046154  0.076923
 0.000000  1.000000  0.000000  0.000000
 0.000000  0.000000  0.000000  1.000000
 0.000000  0.000000  1.000000  0.000000
 0.436364  0.127273  0.345455  0.090909
 0.222222  0.277778  0.333333  0.166667
 0.230769  0.269231  0.307692  0.192308
 0.173913  0.434783  0.108696  0.282609
URL http://jaspar.genereg.net/matrix/MA0583.1

