MEME version 4

ALPHABET= ACGT

strands: + -

Background letter frequencies
A 0.25 C 0.25 G 0.25 T 0.25

MOTIF MA0571.1 ANT
letter-probability matrix: alength= 4 w= 21 nsites= 34 E= 0
 0.176471  0.117647  0.352941  0.352941
 0.147059  0.205882  0.382353  0.264706
 0.235294  0.000000  0.705882  0.058824
 0.000000  0.941176  0.000000  0.058824
 0.911765  0.000000  0.058824  0.029412
 0.000000  1.000000  0.000000  0.000000
 0.617647  0.000000  0.382353  0.000000
 0.235294  0.176471  0.441176  0.147059
 0.441176  0.029412  0.029412  0.500000
 0.000000  0.088235  0.000000  0.911765
 0.117647  0.735294  0.000000  0.147059
 0.000000  1.000000  0.000000  0.000000
 0.000000  0.970588  0.000000  0.029412
 0.264706  0.323529  0.382353  0.029412
 1.000000  0.000000  0.000000  0.000000
 0.205882  0.029412  0.470588  0.294118
 0.088235  0.029412  0.852941  0.029412
 0.058824  0.294118  0.088235  0.558824
 0.235294  0.176471  0.411765  0.176471
 0.352941  0.294118  0.117647  0.235294
 0.558824  0.117647  0.088235  0.235294
URL http://jaspar.genereg.net/matrix/MA0571.1

MEME version 4

ALPHABET= ACGT

strands: + -

Background letter frequencies
A 0.25 C 0.25 G 0.25 T 0.25

MOTIF MA1377.1 PLT1
letter-probability matrix: alength= 4 w= 19 nsites= 195 E= 0
 0.153846  0.066667  0.497436  0.282051
 0.215385  0.025641  0.569231  0.189744
 0.015385  0.876923  0.000000  0.107692
 0.748718  0.046154  0.123077  0.082051
 0.010256  0.958974  0.015385  0.015385
 0.148718  0.020513  0.800000  0.030769
 0.302564  0.210256  0.328205  0.158974
 0.471795  0.046154  0.082051  0.400000
 0.189744  0.102564  0.025641  0.682051
 0.220513  0.420513  0.000000  0.358974
 0.066667  0.528205  0.005128  0.400000
 0.000000  0.989744  0.000000  0.010256
 0.241026  0.046154  0.646154  0.066667
 0.969231  0.000000  0.030769  0.000000
 0.082051  0.046154  0.728205  0.143590
 0.389744  0.015385  0.584615  0.010256
 0.410256  0.317949  0.051282  0.220513
 0.410256  0.143590  0.251282  0.194872
 0.369231  0.169231  0.276923  0.184615
URL http://jaspar.genereg.net/matrix/MA1377.1

MEME version 4

ALPHABET= ACGT

strands: + -

Background letter frequencies
A 0.25 C 0.25 G 0.25 T 0.25

MOTIF MA1235.1 AIL7
letter-probability matrix: alength= 4 w= 11 nsites= 539 E= 0
 0.020408  0.955473  0.001855  0.022263
 0.211503  0.031540  0.705009  0.051948
 0.337662  0.191095  0.293135  0.178108
 0.421150  0.085343  0.055659  0.437848
 0.159555  0.074212  0.020408  0.745826
 0.172542  0.461967  0.003711  0.361781
 0.061224  0.571429  0.000000  0.367347
 0.000000  1.000000  0.000000  0.000000
 0.246753  0.033395  0.654917  0.064935
 0.959184  0.000000  0.000000  0.040816
 0.059369  0.011132  0.747681  0.181818
URL http://jaspar.genereg.net/matrix/MA1235.1

