MEME version 4

ALPHABET= ACGT

strands: + -

Background letter frequencies
A 0.25 C 0.25 G 0.25 T 0.25

MOTIF MA1009.1 ARF3
letter-probability matrix: alength= 4 w= 8 nsites= 1000 E= 0
 0.002000  0.004000  0.077000  0.917000
 0.002002  0.003003  0.991992  0.003003
 0.001000  0.016000  0.002000  0.981000
 0.002002  0.990991  0.001001  0.006006
 0.002000  0.008000  0.980000  0.010000
 0.002997  0.023976  0.963037  0.009990
 0.618000  0.124000  0.212000  0.046000
 0.575000  0.095000  0.191000  0.139000
URL http://jaspar.genereg.net/matrix/MA1009.1

MEME version 4

ALPHABET= ACGT

strands: + -

Background letter frequencies
A 0.25 C 0.25 G 0.25 T 0.25

MOTIF MA0943.1 ARF5
letter-probability matrix: alength= 4 w= 8 nsites= 999 E= 0
 0.303303  0.160160  0.477477  0.059059
 0.008991  0.968032  0.014985  0.007992
 0.096903  0.897103  0.003996  0.001998
 0.012000  0.001000  0.985000  0.002000
 0.952000  0.001000  0.046000  0.001000
 0.002000  0.992000  0.003000  0.003000
 0.772228  0.223776  0.001998  0.001998
 0.491000  0.098000  0.218000  0.193000
URL http://jaspar.genereg.net/matrix/MA0943.1

MEME version 4

ALPHABET= ACGT

strands: + -

Background letter frequencies
A 0.25 C 0.25 G 0.25 T 0.25

MOTIF MA0564.1 ABI3
letter-probability matrix: alength= 4 w= 9 nsites= 100 E= 0
 0.060000  0.600000  0.090000  0.250000
 0.151515  0.161616  0.151515  0.535354
 0.030000  0.070000  0.850000  0.050000
 0.010000  0.960000  0.020000  0.010000
 0.970000  0.010000  0.010000  0.010000
 0.010000  0.010000  0.010000  0.970000
 0.010101  0.010101  0.969697  0.010101
 0.060000  0.840000  0.080000  0.020000
 0.500000  0.150000  0.130000  0.220000
URL http://jaspar.genereg.net/matrix/MA0564.1

MEME version 4

ALPHABET= ACGT

strands: + -

Background letter frequencies
A 0.25 C 0.25 G 0.25 T 0.25

MOTIF MA0581.1 LEC2
letter-probability matrix: alength= 4 w= 11 nsites= 487 E= 0
 0.219713  0.176591  0.244353  0.359343
 0.197125  0.334702  0.338809  0.129363
 0.004107  0.975359  0.000000  0.020534
 1.000000  0.000000  0.000000  0.000000
 0.000000  0.000000  0.000000  1.000000
 0.000000  0.000000  1.000000  0.000000
 0.000000  1.000000  0.000000  0.000000
 0.618070  0.061602  0.320329  0.000000
 0.236140  0.447639  0.123203  0.193018
 0.468172  0.176591  0.090349  0.264887
 0.197125  0.162218  0.127310  0.513347
URL http://jaspar.genereg.net/matrix/MA0581.1

MEME version 4

ALPHABET= ACGT

strands: + -

Background letter frequencies
A 0.25 C 0.25 G 0.25 T 0.25

MOTIF MA1206.1 ARF2
letter-probability matrix: alength= 4 w= 10 nsites= 599 E= 0
 0.409015  0.193656  0.083472  0.313856
 0.252087  0.101836  0.322204  0.323873
 0.000000  0.659432  0.340568  0.000000
 0.333890  0.641068  0.025042  0.000000
 0.186978  0.000000  0.813022  0.000000
 0.933222  0.000000  0.066778  0.000000
 0.000000  1.000000  0.000000  0.000000
 0.938230  0.061770  0.000000  0.000000
 0.452421  0.095159  0.218698  0.233723
 0.365609  0.145242  0.345576  0.143573
URL http://jaspar.genereg.net/matrix/MA1206.1

MEME version 4

ALPHABET= ACGT

strands: + -

Background letter frequencies
A 0.25 C 0.25 G 0.25 T 0.25

MOTIF MA0944.1 ARF8
letter-probability matrix: alength= 4 w= 9 nsites= 1000 E= 0
 0.270000  0.233000  0.204000  0.293000
 0.225000  0.259000  0.106000  0.410000
 0.004000  0.000000  0.090000  0.906000
 0.038038  0.001001  0.900901  0.060060
 0.000000  0.013000  0.000000  0.987000
 0.053946  0.862138  0.001998  0.081918
 0.061000  0.027000  0.798000  0.114000
 0.121121  0.138138  0.651652  0.089089
 0.227772  0.336663  0.216783  0.218781
URL http://jaspar.genereg.net/matrix/MA0944.1

MEME version 4

ALPHABET= ACGT

strands: + -

Background letter frequencies
A 0.25 C 0.25 G 0.25 T 0.25

MOTIF MA0565.1 FUS3
letter-probability matrix: alength= 4 w= 9 nsites= 101 E= 0
 0.079208  0.603960  0.039604  0.277228
 0.009901  0.019802  0.960396  0.009901
 0.010000  0.990000  0.000000  0.000000
 0.990000  0.000000  0.000000  0.010000
 0.009901  0.000000  0.009901  0.980198
 0.000000  0.000000  0.990000  0.010000
 0.009901  0.960396  0.019802  0.009901
 0.290000  0.030000  0.590000  0.090000
 0.150000  0.440000  0.250000  0.160000
URL http://jaspar.genereg.net/matrix/MA0565.1

