MEME version 4

ALPHABET= ACGT

strands: + -

Background letter frequencies
A 0.25 C 0.25 G 0.25 T 0.25

MOTIF MA0068.2 PAX4
letter-probability matrix: alength= 4 w= 8 nsites= 522 E= 0
 0.070881  0.637931  0.090038  0.201149
 0.107209  0.055453  0.221811  0.615527
 0.985207  0.005917  0.000000  0.008876
 1.000000  0.000000  0.000000  0.000000
 0.000000  0.000000  0.014793  0.985207
 0.048387  0.029570  0.026882  0.895161
 0.748315  0.200000  0.024719  0.026966
 0.243112  0.150729  0.539708  0.066451
URL http://jaspar.genereg.net/matrix/MA0068.2

MEME version 4

ALPHABET= ACGT

strands: + -

Background letter frequencies
A 0.25 C 0.25 G 0.25 T 0.25

MOTIF MA0680.1 PAX7
letter-probability matrix: alength= 4 w= 10 nsites= 4553 E= 0
 0.149132  0.014935  0.021524  0.814408
 0.989328  0.004803  0.004269  0.001601
 0.999192  0.000808  0.000000  0.000000
 0.001605  0.005618  0.000803  0.991974
 0.002672  0.784073  0.006414  0.206841
 0.303882  0.007229  0.688889  0.000000
 0.994635  0.000000  0.002682  0.002682
 0.003226  0.000000  0.000000  0.996774
 0.005581  0.006644  0.002392  0.985384
 0.909715  0.017664  0.011531  0.061089
URL http://jaspar.genereg.net/matrix/MA0680.1

MEME version 4

ALPHABET= ACGT

strands: + -

Background letter frequencies
A 0.25 C 0.25 G 0.25 T 0.25

MOTIF MA0780.1 PAX3
letter-probability matrix: alength= 4 w= 10 nsites= 10576 E= 0
 0.188540  0.022977  0.037254  0.751229
 0.980380  0.003949  0.011846  0.003825
 0.993870  0.003002  0.001501  0.001626
 0.001115  0.012512  0.002106  0.984267
 0.001496  0.656815  0.007732  0.333957
 0.335500  0.006000  0.657625  0.000875
 0.986344  0.002731  0.007076  0.003849
 0.000000  0.001756  0.001756  0.996488
 0.007124  0.011914  0.005158  0.975804
 0.841988  0.024693  0.020877  0.112442
URL http://jaspar.genereg.net/matrix/MA0780.1

MEME version 4

ALPHABET= ACGT

strands: + -

Background letter frequencies
A 0.25 C 0.25 G 0.25 T 0.25

MOTIF MA0069.1 Pax6
letter-probability matrix: alength= 4 w= 14 nsites= 43 E= 0
 0.046512  0.093023  0.093023  0.767442
 0.046512  0.046512  0.000000  0.906977
 0.093023  0.604651  0.023256  0.279070
 0.906977  0.046512  0.023256  0.023256
 0.069767  0.790698  0.023256  0.116279
 0.023256  0.000000  0.953488  0.023256
 0.023256  0.860465  0.093023  0.023256
 0.488372  0.046512  0.046512  0.418605
 0.023256  0.093023  0.023256  0.860465
 0.046512  0.325581  0.581395  0.046512
 0.837209  0.000000  0.139535  0.023256
 0.255814  0.255814  0.302326  0.186047
 0.023256  0.116279  0.069767  0.790698
 0.023256  0.000000  0.395349  0.581395
URL http://jaspar.genereg.net/matrix/MA0069.1

