MEME version 4

ALPHABET= ACGT

strands: + -

Background letter frequencies
A 0.25 C 0.25 G 0.25 T 0.25

MOTIF MA0239.1 prd
letter-probability matrix: alength= 4 w= 9 nsites= 21 E= 0
 0.476190  0.190476  0.000000  0.333333
 0.047619  0.190476  0.666667  0.095238
 0.190476  0.095238  0.095238  0.619048
 0.952381  0.000000  0.000000  0.047619
 1.000000  0.000000  0.000000  0.000000
 0.000000  1.000000  0.000000  0.000000
 0.333333  0.238095  0.142857  0.285714
 0.000000  0.000000  1.000000  0.000000
 0.238095  0.190476  0.095238  0.476190
URL http://jaspar.genereg.net/matrix/MA0239.1

MEME version 4

ALPHABET= ACGT

strands: + -

Background letter frequencies
A 0.25 C 0.25 G 0.25 T 0.25

MOTIF MA0779.1 PAX1
letter-probability matrix: alength= 4 w= 17 nsites= 5221 E= 0
 0.060142  0.604673  0.272553  0.062632
 0.000561  0.000000  0.984667  0.014772
 0.049682  0.016985  0.000000  0.933333
 0.000604  0.903602  0.000201  0.095593
 0.943257  0.056215  0.000528  0.000000
 0.000389  0.873007  0.000000  0.126604
 0.000565  0.000377  0.998494  0.000565
 0.000000  0.812396  0.187604  0.000000
 0.572647  0.020941  0.011117  0.395295
 0.002327  0.089890  0.000423  0.907360
 0.000154  0.273162  0.718345  0.008338
 0.857040  0.000479  0.142481  0.000000
 0.186131  0.367969  0.277841  0.168060
 0.015093  0.124822  0.006527  0.853559
 0.140819  0.001825  0.711395  0.145961
 0.281535  0.496222  0.222244  0.000000
 0.385896  0.311870  0.113885  0.188349
URL http://jaspar.genereg.net/matrix/MA0779.1

MEME version 4

ALPHABET= ACGT

strands: + -

Background letter frequencies
A 0.25 C 0.25 G 0.25 T 0.25

MOTIF MA0067.1 Pax2
letter-probability matrix: alength= 4 w= 8 nsites= 31 E= 0
 0.322581  0.225806  0.161290  0.290323
 0.225806  0.032258  0.677419  0.064516
 0.096774  0.064516  0.000000  0.838710
 0.000000  0.903226  0.032258  0.064516
 0.838710  0.032258  0.096774  0.032258
 0.064516  0.548387  0.032258  0.354839
 0.064516  0.000000  0.612903  0.322581
 0.032258  0.354839  0.354839  0.258065
URL http://jaspar.genereg.net/matrix/MA0067.1

MEME version 4

ALPHABET= ACGT

strands: + -

Background letter frequencies
A 0.25 C 0.25 G 0.25 T 0.25

MOTIF MA0781.1 PAX9
letter-probability matrix: alength= 4 w= 17 nsites= 3984 E= 0
 0.038655  0.604920  0.295181  0.061245
 0.000000  0.000000  0.997383  0.002617
 0.020983  0.004071  0.001879  0.973066
 0.000000  0.956665  0.000000  0.043335
 0.977677  0.021418  0.000603  0.000302
 0.000000  0.935304  0.000000  0.064696
 0.000000  0.000000  1.000000  0.000000
 0.000000  0.835595  0.164405  0.000000
 0.597985  0.026974  0.004225  0.370816
 0.000307  0.020878  0.000000  0.978815
 0.000604  0.284105  0.714688  0.000604
 0.868206  0.000000  0.131794  0.000000
 0.180238  0.412344  0.278760  0.128658
 0.001794  0.061883  0.000000  0.936323
 0.035420  0.001996  0.899975  0.062609
 0.303893  0.581509  0.114599  0.000000
 0.435580  0.266055  0.128440  0.169924
URL http://jaspar.genereg.net/matrix/MA0781.1

MEME version 4

ALPHABET= ACGT

strands: + -

Background letter frequencies
A 0.25 C 0.25 G 0.25 T 0.25

MOTIF MA0014.3 PAX5
letter-probability matrix: alength= 4 w= 12 nsites= 1412 E= 0
 0.382436  0.126771  0.409348  0.081445
 0.442635  0.104816  0.250708  0.201841
 0.012748  0.106941  0.871813  0.008499
 0.012748  0.903683  0.024079  0.059490
 0.078612  0.024788  0.880312  0.016289
 0.066572  0.062323  0.021246  0.849858
 0.011331  0.026204  0.959632  0.002833
 0.880312  0.027620  0.049575  0.042493
 0.022663  0.924221  0.040368  0.012748
 0.048867  0.765581  0.083569  0.101983
 0.266997  0.286827  0.220963  0.225212
 0.186261  0.285411  0.254249  0.274079
URL http://jaspar.genereg.net/matrix/MA0014.3

