MEME version 4

ALPHABET= ACGT

strands: + -

Background letter frequencies
A 0.25 C 0.25 G 0.25 T 0.25

MOTIF MA0022.1 dl
letter-probability matrix: alength= 4 w= 12 nsites= 13 E= 0
 0.000000  0.384615  0.461538  0.153846
 0.000000  0.000000  0.923077  0.076923
 0.000000  0.076923  0.846154  0.076923
 0.000000  0.000000  0.769231  0.230769
 0.076923  0.076923  0.230769  0.615385
 0.076923  0.000000  0.153846  0.769231
 0.076923  0.000000  0.000000  0.923077
 0.000000  0.000000  0.000000  1.000000
 0.000000  0.230769  0.000000  0.769231
 0.076923  0.692308  0.000000  0.230769
 0.076923  0.692308  0.076923  0.153846
 0.230769  0.384615  0.384615  0.000000
URL http://jaspar.genereg.net/matrix/MA0022.1

MEME version 4

ALPHABET= ACGT

strands: + -

Background letter frequencies
A 0.25 C 0.25 G 0.25 T 0.25

MOTIF MA0023.1 dl(var.2)
letter-probability matrix: alength= 4 w= 10 nsites= 9 E= 0
 0.000000  0.111111  0.777778  0.111111
 0.000000  0.000000  0.777778  0.222222
 0.000000  0.000000  1.000000  0.000000
 0.000000  0.000000  0.888889  0.111111
 0.444444  0.111111  0.000000  0.444444
 0.222222  0.111111  0.000000  0.666667
 0.000000  0.000000  0.000000  1.000000
 0.000000  0.111111  0.000000  0.888889
 0.000000  1.000000  0.000000  0.000000
 0.111111  0.888889  0.000000  0.000000
URL http://jaspar.genereg.net/matrix/MA0023.1

MEME version 4

ALPHABET= ACGT

strands: + -

Background letter frequencies
A 0.25 C 0.25 G 0.25 T 0.25

MOTIF MA0606.1 NFAT5
letter-probability matrix: alength= 4 w= 10 nsites= 1001 E= 0
 0.370629  0.209790  0.209790  0.209790
 0.175824  0.087912  0.087912  0.648352
 0.000000  0.000000  0.000000  1.000000
 0.000000  0.000000  0.000000  1.000000
 0.089000  0.084000  0.000000  0.827000
 0.000000  0.915000  0.000000  0.085000
 0.000000  0.826000  0.085000  0.089000
 0.831000  0.084000  0.000000  0.085000
 0.124000  0.287000  0.041000  0.548000
 0.267732  0.162837  0.247752  0.321678
URL http://jaspar.genereg.net/matrix/MA0606.1

MEME version 4

ALPHABET= ACGT

strands: + -

Background letter frequencies
A 0.25 C 0.25 G 0.25 T 0.25

MOTIF MA0624.1 NFATC1
letter-probability matrix: alength= 4 w= 10 nsites= 1000 E= 0
 0.383000  0.134000  0.167000  0.316000
 0.226000  0.193000  0.189000  0.392000
 0.158000  0.060000  0.122000  0.660000
 0.019000  0.035000  0.007000  0.939000
 0.021000  0.029000  0.015000  0.935000
 0.014000  0.971000  0.008000  0.007000
 0.009009  0.967968  0.005005  0.018018
 0.515485  0.044955  0.356643  0.082917
 0.229770  0.261738  0.125874  0.382617
 0.230000  0.227000  0.194000  0.349000
URL http://jaspar.genereg.net/matrix/MA0624.1

MEME version 4

ALPHABET= ACGT

strands: + -

Background letter frequencies
A 0.25 C 0.25 G 0.25 T 0.25

MOTIF MA0105.4 NFKB1
letter-probability matrix: alength= 4 w= 13 nsites= 12262 E= 0
 0.688387  0.164166  0.080737  0.066710
 0.000472  0.000000  0.999266  0.000262
 0.000000  0.000156  0.999739  0.000104
 0.000205  0.000000  0.983478  0.016317
 0.011614  0.000152  0.986864  0.001369
 0.929534  0.004801  0.063574  0.002091
 0.507574  0.001305  0.002319  0.488802
 0.001391  0.082865  0.007332  0.908413
 0.001748  0.984473  0.000411  0.013368
 0.049517  0.950085  0.000100  0.000299
 0.000417  0.999271  0.000104  0.000208
 0.000621  0.998343  0.000207  0.000828
 0.080679  0.084742  0.219426  0.615153
URL http://jaspar.genereg.net/matrix/MA0105.4

MEME version 4

ALPHABET= ACGT

strands: + -

Background letter frequencies
A 0.25 C 0.25 G 0.25 T 0.25

MOTIF MA0778.1 NFKB2
letter-probability matrix: alength= 4 w= 13 nsites= 11783 E= 0
 0.427820  0.208436  0.195706  0.168039
 0.006124  0.005881  0.987752  0.000243
 0.000062  0.000062  0.999688  0.000187
 0.000481  0.000301  0.965250  0.033969
 0.158606  0.000655  0.781954  0.058785
 0.772421  0.090054  0.078901  0.058623
 0.460091  0.005327  0.004528  0.530054
 0.080227  0.095411  0.073661  0.750701
 0.061968  0.800858  0.001382  0.135792
 0.019732  0.976800  0.000077  0.003391
 0.000157  0.999607  0.000079  0.000157
 0.000619  0.997369  0.000232  0.001780
 0.117299  0.255339  0.167614  0.459748
URL http://jaspar.genereg.net/matrix/MA0778.1

MEME version 4

ALPHABET= ACGT

strands: + -

Background letter frequencies
A 0.25 C 0.25 G 0.25 T 0.25

MOTIF MA1117.1 RELB
letter-probability matrix: alength= 4 w= 11 nsites= 3290 E= 0
 0.241945  0.125836  0.478723  0.153495
 0.374164  0.170517  0.241337  0.213982
 0.861094  0.038602  0.047720  0.052584
 0.063830  0.032523  0.048328  0.855319
 0.027356  0.031307  0.016109  0.925228
 0.043769  0.889970  0.012158  0.054103
 0.027964  0.941641  0.008511  0.021884
 0.044377  0.915805  0.017629  0.022188
 0.024012  0.922492  0.032523  0.020973
 0.241945  0.190881  0.299088  0.268085
 0.216109  0.279939  0.302736  0.201216
URL http://jaspar.genereg.net/matrix/MA1117.1

MEME version 4

ALPHABET= ACGT

strands: + -

Background letter frequencies
A 0.25 C 0.25 G 0.25 T 0.25

MOTIF MA0107.1 RELA
letter-probability matrix: alength= 4 w= 10 nsites= 18 E= 0
 0.000000  0.222222  0.611111  0.166667
 0.000000  0.000000  0.944444  0.055556
 0.000000  0.000000  1.000000  0.000000
 0.611111  0.000000  0.388889  0.000000
 0.555556  0.166667  0.222222  0.055556
 0.111111  0.000000  0.000000  0.888889
 0.000000  0.000000  0.000000  1.000000
 0.000000  0.111111  0.000000  0.888889
 0.000000  1.000000  0.000000  0.000000
 0.000000  1.000000  0.000000  0.000000
URL http://jaspar.genereg.net/matrix/MA0107.1

MEME version 4

ALPHABET= ACGT

strands: + -

Background letter frequencies
A 0.25 C 0.25 G 0.25 T 0.25

MOTIF MA0101.1 REL
letter-probability matrix: alength= 4 w= 10 nsites= 17 E= 0
 0.000000  0.294118  0.470588  0.235294
 0.000000  0.058824  0.882353  0.058824
 0.058824  0.000000  0.882353  0.058824
 0.294118  0.058824  0.529412  0.117647
 0.352941  0.294118  0.176471  0.176471
 0.294118  0.058824  0.058824  0.588235
 0.058824  0.000000  0.000000  0.941176
 0.117647  0.000000  0.000000  0.882353
 0.000000  0.882353  0.000000  0.117647
 0.058824  0.941176  0.000000  0.000000
URL http://jaspar.genereg.net/matrix/MA0101.1

MEME version 4

ALPHABET= ACGT

strands: + -

Background letter frequencies
A 0.25 C 0.25 G 0.25 T 0.25

MOTIF MA0625.1 NFATC3
letter-probability matrix: alength= 4 w= 10 nsites= 1001 E= 0
 0.420579  0.092907  0.138861  0.347652
 0.179000  0.181000  0.168000  0.472000
 0.117000  0.040000  0.073000  0.770000
 0.014000  0.010000  0.005000  0.971000
 0.002997  0.022977  0.008991  0.965035
 0.036000  0.933000  0.001000  0.030000
 0.008000  0.959000  0.023000  0.010000
 0.552000  0.039000  0.342000  0.067000
 0.173000  0.251000  0.133000  0.443000
 0.215215  0.211211  0.173173  0.400400
URL http://jaspar.genereg.net/matrix/MA0625.1

MEME version 4

ALPHABET= ACGT

strands: + -

Background letter frequencies
A 0.25 C 0.25 G 0.25 T 0.25

MOTIF MA0152.1 NFATC2
letter-probability matrix: alength= 4 w= 7 nsites= 26 E= 0
 0.115385  0.038462  0.076923  0.769231
 0.038462  0.076923  0.076923  0.807692
 0.038462  0.038462  0.000000  0.923077
 0.000000  0.000000  0.000000  1.000000
 0.038462  0.961538  0.000000  0.000000
 0.000000  1.000000  0.000000  0.000000
 0.692308  0.115385  0.038462  0.153846
URL http://jaspar.genereg.net/matrix/MA0152.1

