MEME version 4

ALPHABET= ACGT

strands: + -

Background letter frequencies
A 0.25 C 0.25 G 0.25 T 0.25

MOTIF MA0271.1 ARG80
letter-probability matrix: alength= 4 w= 6 nsites= 158 E= 0
 0.563291  0.000000  0.000000  0.436709
 0.000000  0.000000  1.000000  0.000000
 1.000000  0.000000  0.000000  0.000000
 0.000000  1.000000  0.000000  0.000000
 0.229167  0.000000  0.411458  0.359375
 0.000000  0.927536  0.000000  0.072464
URL http://jaspar.genereg.net/matrix/MA0271.1

MEME version 4

ALPHABET= ACGT

strands: + -

Background letter frequencies
A 0.25 C 0.25 G 0.25 T 0.25

MOTIF MA0331.1 MCM1
letter-probability matrix: alength= 4 w= 12 nsites= 13821 E= 0
 0.122422  0.821648  0.029303  0.026626
 0.007028  0.922614  0.000000  0.070357
 0.184955  0.363317  0.186249  0.265480
 0.392778  0.144437  0.223292  0.239493
 0.556795  0.013940  0.045893  0.383373
 0.068028  0.017225  0.000000  0.914747
 0.079970  0.262710  0.036888  0.620431
 0.421619  0.074909  0.378814  0.124658
 0.044522  0.002328  0.953150  0.000000
 0.008592  0.009840  0.980394  0.001175
 0.752380  0.068618  0.022659  0.156343
 0.910663  0.029122  0.025546  0.034669
URL http://jaspar.genereg.net/matrix/MA0331.1

MEME version 4

ALPHABET= ACGT

strands: + -

Background letter frequencies
A 0.25 C 0.25 G 0.25 T 0.25

MOTIF MA0383.1 SMP1
letter-probability matrix: alength= 4 w= 21 nsites= 999 E= 0
 0.111111  0.244244  0.235235  0.409409
 0.189379  0.188377  0.265531  0.356713
 0.569570  0.097097  0.137137  0.196196
 0.085170  0.555110  0.158317  0.201403
 0.179359  0.624248  0.047094  0.149299
 0.130130  0.147147  0.085085  0.637638
 0.408818  0.128257  0.112224  0.350701
 0.097194  0.234469  0.033066  0.635271
 0.751503  0.125251  0.046092  0.077154
 0.866733  0.018036  0.018036  0.097194
 0.097194  0.018036  0.018036  0.866733
 0.077154  0.046092  0.125251  0.751503
 0.635271  0.033066  0.234469  0.097194
 0.495992  0.041082  0.060120  0.402806
 0.637638  0.085085  0.147147  0.130130
 0.197395  0.262525  0.146293  0.393788
 0.174174  0.275275  0.271271  0.279279
 0.525526  0.104104  0.101101  0.269269
 0.156313  0.290581  0.455912  0.097194
 0.249249  0.381381  0.201201  0.168168
 0.336673  0.172345  0.229459  0.261523
URL http://jaspar.genereg.net/matrix/MA0383.1

MEME version 4

ALPHABET= ACGT

strands: + -

Background letter frequencies
A 0.25 C 0.25 G 0.25 T 0.25

MOTIF MA0369.1 RLM1
letter-probability matrix: alength= 4 w= 18 nsites= 38 E= 0
 0.263158  0.263158  0.263158  0.210526
 0.333333  0.047619  0.380952  0.238095
 0.261905  0.000000  0.023810  0.714286
 0.000000  0.000000  0.119048  0.880952
 0.000000  1.000000  0.000000  0.000000
 0.000000  0.000000  0.000000  1.000000
 1.000000  0.000000  0.000000  0.000000
 0.380952  0.000000  0.000000  0.619048
 0.523810  0.000000  0.000000  0.476190
 0.547619  0.000000  0.000000  0.452381
 0.761905  0.000000  0.000000  0.238095
 0.000000  0.000000  0.000000  1.000000
 1.000000  0.000000  0.000000  0.000000
 0.000000  0.000000  1.000000  0.000000
 0.642857  0.333333  0.000000  0.023810
 0.097561  0.365854  0.048780  0.487805
 0.166667  0.380952  0.071429  0.380952
 0.250000  0.325000  0.250000  0.175000
URL http://jaspar.genereg.net/matrix/MA0369.1

MEME version 4

ALPHABET= ACGT

strands: + -

Background letter frequencies
A 0.25 C 0.25 G 0.25 T 0.25

MOTIF MA1199.1 AGL16
letter-probability matrix: alength= 4 w= 15 nsites= 418 E= 0
 0.083732  0.045455  0.009569  0.861244
 0.026316  0.000000  0.007177  0.966507
 0.239234  0.026316  0.066986  0.667464
 0.000000  1.000000  0.000000  0.000000
 0.000000  0.854067  0.000000  0.145933
 0.294258  0.198565  0.055024  0.452153
 0.157895  0.184211  0.095694  0.562201
 0.313397  0.000000  0.000000  0.686603
 0.000000  0.009569  0.009569  0.980861
 0.105263  0.141148  0.055024  0.698565
 0.260766  0.083732  0.322967  0.332536
 0.148325  0.000000  0.851675  0.000000
 0.000000  0.000000  0.940191  0.059809
 0.502392  0.105263  0.028708  0.363636
 0.856459  0.035885  0.019139  0.088517
URL http://jaspar.genereg.net/matrix/MA1199.1

MEME version 4

ALPHABET= ACGT

strands: + -

Background letter frequencies
A 0.25 C 0.25 G 0.25 T 0.25

MOTIF MA0563.1 SEP3
letter-probability matrix: alength= 4 w= 11 nsites= 150 E= 0
 0.160000  0.246667  0.193333  0.400000
 0.126667  0.740000  0.033333  0.100000
 0.006667  0.646667  0.006667  0.340000
 0.513333  0.000000  0.000000  0.486667
 0.080000  0.186667  0.033333  0.700000
 0.126667  0.000000  0.033333  0.840000
 0.000000  0.000000  0.000000  1.000000
 0.060000  0.000000  0.160000  0.780000
 0.073333  0.020000  0.146667  0.760000
 0.060000  0.000000  0.920000  0.020000
 0.000000  0.046667  0.760000  0.193333
URL http://jaspar.genereg.net/matrix/MA0563.1

MEME version 4

ALPHABET= ACGT

strands: + -

Background letter frequencies
A 0.25 C 0.25 G 0.25 T 0.25

MOTIF MA0554.1 SOC1
letter-probability matrix: alength= 4 w= 15 nsites= 888 E= 0
 0.324324  0.138514  0.111486  0.425676
 0.193694  0.297297  0.127252  0.381757
 0.073198  0.030405  0.038288  0.858108
 0.069820  0.000000  0.057432  0.872748
 0.131757  0.052928  0.100225  0.715090
 0.022523  0.962838  0.014640  0.000000
 0.000000  0.694820  0.010135  0.295045
 0.516892  0.041667  0.063063  0.378378
 0.154279  0.087838  0.000000  0.757883
 0.146396  0.006757  0.000000  0.846847
 0.024775  0.009009  0.000000  0.966216
 0.110360  0.027027  0.000000  0.862613
 0.101351  0.079955  0.096847  0.721847
 0.203829  0.011261  0.769144  0.015766
 0.019144  0.025901  0.748874  0.206081
URL http://jaspar.genereg.net/matrix/MA0554.1

MEME version 4

ALPHABET= ACGT

strands: + -

Background letter frequencies
A 0.25 C 0.25 G 0.25 T 0.25

MOTIF MA0005.2 AG
letter-probability matrix: alength= 4 w= 18 nsites= 66 E= 0
 0.318182  0.303030  0.090909  0.287879
 0.136364  0.045455  0.045455  0.772727
 0.151515  0.000000  0.015152  0.833333
 0.439394  0.121212  0.121212  0.318182
 0.000000  1.000000  0.000000  0.000000
 0.000000  0.984848  0.000000  0.015152
 0.469697  0.045455  0.090909  0.393939
 0.712121  0.030303  0.000000  0.257576
 0.787879  0.000000  0.015152  0.196970
 0.378788  0.000000  0.015152  0.606061
 0.257576  0.227273  0.166667  0.348485
 0.287879  0.121212  0.303030  0.287879
 0.106061  0.000000  0.863636  0.030303
 0.030303  0.000000  0.818182  0.151515
 0.333333  0.257576  0.075758  0.333333
 0.681818  0.060606  0.075758  0.181818
 0.606061  0.090909  0.136364  0.166667
 0.227273  0.151515  0.242424  0.378788
URL http://jaspar.genereg.net/matrix/MA0005.2

MEME version 4

ALPHABET= ACGT

strands: + -

Background letter frequencies
A 0.25 C 0.25 G 0.25 T 0.25

MOTIF MA0585.1 AGL1
letter-probability matrix: alength= 4 w= 18 nsites= 65 E= 0
 0.323077  0.169231  0.230769  0.276923
 0.184615  0.092308  0.138462  0.584615
 0.061538  0.015385  0.138462  0.784615
 0.323077  0.076923  0.338462  0.261538
 0.000000  1.000000  0.000000  0.000000
 0.015385  0.969231  0.015385  0.000000
 0.461538  0.092308  0.107692  0.338462
 0.476923  0.061538  0.123077  0.338462
 0.646154  0.015385  0.015385  0.323077
 0.400000  0.046154  0.030769  0.523077
 0.215385  0.215385  0.138462  0.430769
 0.230769  0.123077  0.430769  0.215385
 0.107692  0.000000  0.861538  0.030769
 0.061538  0.000000  0.861538  0.076923
 0.400000  0.092308  0.076923  0.430769
 0.738462  0.153846  0.061538  0.046154
 0.600000  0.138462  0.123077  0.138462
 0.276923  0.230769  0.292308  0.200000
URL http://jaspar.genereg.net/matrix/MA0585.1

MEME version 4

ALPHABET= ACGT

strands: + -

Background letter frequencies
A 0.25 C 0.25 G 0.25 T 0.25

MOTIF MA0584.1 SEP1
letter-probability matrix: alength= 4 w= 18 nsites= 51 E= 0
 0.274510  0.294118  0.137255  0.294118
 0.274510  0.117647  0.196078  0.411765
 0.215686  0.078431  0.117647  0.588235
 0.372549  0.137255  0.176471  0.313725
 0.000000  1.000000  0.000000  0.000000
 0.000000  0.901961  0.000000  0.098039
 0.764706  0.098039  0.019608  0.117647
 0.392157  0.039216  0.078431  0.490196
 0.725490  0.000000  0.000000  0.274510
 0.490196  0.000000  0.000000  0.509804
 0.549020  0.078431  0.078431  0.294118
 0.078431  0.117647  0.058824  0.745098
 0.509804  0.000000  0.490196  0.000000
 0.000000  0.000000  1.000000  0.000000
 0.450980  0.215686  0.058824  0.274510
 0.784314  0.058824  0.000000  0.156863
 0.647059  0.098039  0.098039  0.156863
 0.117647  0.156863  0.333333  0.392157
URL http://jaspar.genereg.net/matrix/MA0584.1

MEME version 4

ALPHABET= ACGT

strands: + -

Background letter frequencies
A 0.25 C 0.25 G 0.25 T 0.25

MOTIF MA0001.2 AGL3
letter-probability matrix: alength= 4 w= 18 nsites= 95 E= 0
 0.231579  0.305263  0.357895  0.105263
 0.168421  0.094737  0.305263  0.431579
 0.263158  0.084211  0.042105  0.610526
 0.284211  0.168421  0.136842  0.410526
 0.000000  0.968421  0.000000  0.031579
 0.000000  0.831579  0.000000  0.168421
 0.863158  0.010526  0.021053  0.105263
 0.421053  0.042105  0.031579  0.505263
 0.589474  0.000000  0.010526  0.400000
 0.368421  0.000000  0.000000  0.631579
 0.684211  0.010526  0.042105  0.263158
 0.263158  0.042105  0.031579  0.663158
 0.673684  0.000000  0.294737  0.031579
 0.000000  0.000000  0.968421  0.031579
 0.347368  0.147368  0.157895  0.347368
 0.547368  0.052632  0.073684  0.326316
 0.473684  0.242105  0.136842  0.147368
 0.221053  0.252632  0.273684  0.252632
URL http://jaspar.genereg.net/matrix/MA0001.2

MEME version 4

ALPHABET= ACGT

strands: + -

Background letter frequencies
A 0.25 C 0.25 G 0.25 T 0.25

MOTIF MA1205.1 AGL6
letter-probability matrix: alength= 4 w= 19 nsites= 482 E= 0
 0.172199  0.016598  0.010373  0.800830
 0.149378  0.002075  0.016598  0.831950
 0.414938  0.016598  0.139004  0.429461
 0.022822  0.964730  0.010373  0.002075
 0.002075  0.817427  0.000000  0.180498
 0.524896  0.190871  0.080913  0.203320
 0.719917  0.016598  0.087137  0.176349
 0.968880  0.000000  0.004149  0.026971
 0.875519  0.000000  0.000000  0.124481
 0.798755  0.037344  0.047718  0.116183
 0.427386  0.101660  0.070539  0.400415
 0.265560  0.000000  0.732365  0.002075
 0.000000  0.000000  1.000000  0.000000
 0.612033  0.147303  0.026971  0.213693
 0.914938  0.008299  0.006224  0.070539
 0.896266  0.008299  0.018672  0.076763
 0.512448  0.126556  0.234440  0.126556
 0.531120  0.056017  0.095436  0.317427
 0.491701  0.085062  0.053942  0.369295
URL http://jaspar.genereg.net/matrix/MA1205.1

MEME version 4

ALPHABET= ACGT

strands: + -

Background letter frequencies
A 0.25 C 0.25 G 0.25 T 0.25

MOTIF MA0940.1 AP1
letter-probability matrix: alength= 4 w= 13 nsites= 1622 E= 0
 0.452528  0.492602  0.019729  0.035142
 0.051788  0.580148  0.024044  0.344020
 0.815660  0.028360  0.021578  0.134402
 0.699137  0.011714  0.093711  0.195438
 0.956227  0.006165  0.009248  0.028360
 0.787300  0.009248  0.014797  0.188656
 0.734279  0.014180  0.155364  0.096178
 0.420469  0.012947  0.158446  0.408138
 0.402589  0.007398  0.573366  0.016646
 0.081998  0.036991  0.834772  0.046239
 0.706535  0.094328  0.104809  0.094328
 0.788533  0.075216  0.103576  0.032676
 0.774969  0.013564  0.099877  0.111591
URL http://jaspar.genereg.net/matrix/MA0940.1

MEME version 4

ALPHABET= ACGT

strands: + -

Background letter frequencies
A 0.25 C 0.25 G 0.25 T 0.25

MOTIF MA0556.1 AP3
letter-probability matrix: alength= 4 w= 15 nsites= 291 E= 0
 0.316151  0.123711  0.068729  0.491409
 0.288660  0.113402  0.134021  0.463918
 0.164948  0.828179  0.000000  0.006873
 0.000000  0.797251  0.003436  0.199313
 0.635739  0.209622  0.037801  0.116838
 0.745704  0.075601  0.037801  0.140893
 0.972509  0.000000  0.000000  0.027491
 0.824742  0.003436  0.000000  0.171821
 0.536082  0.034364  0.357388  0.072165
 0.326460  0.000000  0.103093  0.570447
 0.336770  0.006873  0.656357  0.000000
 0.024055  0.000000  0.975945  0.000000
 0.628866  0.192440  0.017182  0.161512
 0.793814  0.061856  0.030928  0.113402
 0.835052  0.030928  0.065292  0.068729
URL http://jaspar.genereg.net/matrix/MA0556.1

MEME version 4

ALPHABET= ACGT

strands: + -

Background letter frequencies
A 0.25 C 0.25 G 0.25 T 0.25

MOTIF MA0559.1 PI
letter-probability matrix: alength= 4 w= 14 nsites= 558 E= 0
 0.279570  0.600358  0.086022  0.034050
 0.102151  0.706093  0.078853  0.112903
 0.639785  0.141577  0.120072  0.098566
 0.802867  0.021505  0.148746  0.026882
 0.987455  0.001792  0.007168  0.003584
 0.892473  0.000000  0.021505  0.086022
 0.539427  0.014337  0.437276  0.008961
 0.559140  0.025090  0.123656  0.292115
 0.413978  0.000000  0.586022  0.000000
 0.012545  0.010753  0.976703  0.000000
 0.799283  0.096774  0.012545  0.091398
 0.887097  0.012545  0.043011  0.057348
 0.817204  0.046595  0.107527  0.028674
 0.458781  0.103943  0.356631  0.080645
URL http://jaspar.genereg.net/matrix/MA0559.1

MEME version 4

ALPHABET= ACGT

strands: + -

Background letter frequencies
A 0.25 C 0.25 G 0.25 T 0.25

MOTIF MA0082.1 squamosa
letter-probability matrix: alength= 4 w= 14 nsites= 30 E= 0
 0.366667  0.466667  0.033333  0.133333
 0.000000  0.733333  0.000000  0.266667
 0.800000  0.000000  0.133333  0.066667
 0.533333  0.066667  0.033333  0.366667
 0.766667  0.000000  0.000000  0.233333
 0.566667  0.000000  0.000000  0.433333
 0.800000  0.033333  0.000000  0.166667
 0.266667  0.000000  0.033333  0.700000
 0.466667  0.033333  0.500000  0.000000
 0.033333  0.033333  0.933333  0.000000
 0.466667  0.166667  0.033333  0.333333
 0.833333  0.166667  0.000000  0.000000
 0.700000  0.066667  0.100000  0.133333
 0.233333  0.166667  0.266667  0.333333
URL http://jaspar.genereg.net/matrix/MA0082.1

MEME version 4

ALPHABET= ACGT

strands: + -

Background letter frequencies
A 0.25 C 0.25 G 0.25 T 0.25

MOTIF MA1204.1 AGL13
letter-probability matrix: alength= 4 w= 18 nsites= 219 E= 0
 0.269406  0.013699  0.000000  0.716895
 0.041096  0.000000  0.009132  0.949772
 0.561644  0.009132  0.114155  0.315068
 0.009132  0.990868  0.000000  0.000000
 0.000000  0.735160  0.000000  0.264840
 0.643836  0.164384  0.031963  0.159817
 0.771689  0.009132  0.031963  0.187215
 1.000000  0.000000  0.000000  0.000000
 0.794521  0.000000  0.000000  0.205479
 0.794521  0.036530  0.027397  0.141553
 0.369863  0.054795  0.068493  0.506849
 0.337900  0.000000  0.662100  0.000000
 0.000000  0.000000  0.990868  0.009132
 0.547945  0.068493  0.022831  0.360731
 0.954338  0.013699  0.000000  0.031963
 0.872146  0.000000  0.018265  0.109589
 0.575342  0.063927  0.187215  0.173516
 0.410959  0.086758  0.091324  0.410959
URL http://jaspar.genereg.net/matrix/MA1204.1

MEME version 4

ALPHABET= ACGT

strands: + -

Background letter frequencies
A 0.25 C 0.25 G 0.25 T 0.25

MOTIF MA0548.2 AGL15
letter-probability matrix: alength= 4 w= 19 nsites= 599 E= 0
 0.222037  0.363940  0.228715  0.185309
 0.080134  0.055092  0.008347  0.856427
 0.026711  0.008347  0.005008  0.959933
 0.140234  0.013356  0.035058  0.811352
 0.000000  0.994992  0.000000  0.005008
 0.000000  0.726210  0.000000  0.273790
 0.333890  0.133556  0.083472  0.449082
 0.146912  0.141903  0.088481  0.622705
 0.270451  0.000000  0.006678  0.722871
 0.011686  0.013356  0.000000  0.974958
 0.148581  0.075125  0.051753  0.724541
 0.230384  0.070117  0.280467  0.419032
 0.208681  0.001669  0.789649  0.000000
 0.000000  0.000000  0.976628  0.023372
 0.542571  0.083472  0.046745  0.327212
 0.906511  0.021703  0.008347  0.063439
 0.792988  0.011686  0.048414  0.146912
 0.188648  0.292154  0.308848  0.210351
 0.262104  0.128548  0.083472  0.525876
URL http://jaspar.genereg.net/matrix/MA0548.2

MEME version 4

ALPHABET= ACGT

strands: + -

Background letter frequencies
A 0.25 C 0.25 G 0.25 T 0.25

MOTIF MA0558.1 FLC
letter-probability matrix: alength= 4 w= 21 nsites= 275 E= 0
 0.440000  0.160000  0.163636  0.236364
 0.327273  0.221818  0.229091  0.221818
 0.345455  0.134545  0.076364  0.443636
 0.298182  0.094545  0.130909  0.476364
 0.283636  0.090909  0.240000  0.385455
 0.196364  0.701818  0.043636  0.058182
 0.032727  0.672727  0.014545  0.280000
 0.490909  0.254545  0.134545  0.120000
 0.720000  0.036364  0.138182  0.105455
 0.949091  0.000000  0.010909  0.040000
 0.847273  0.010909  0.010909  0.130909
 0.701818  0.010909  0.065455  0.221818
 0.283636  0.040000  0.054545  0.621818
 0.512727  0.000000  0.487273  0.000000
 0.000000  0.000000  1.000000  0.000000
 0.789091  0.076364  0.021818  0.112727
 0.974545  0.010909  0.014545  0.000000
 0.934545  0.003636  0.054545  0.007273
 0.225455  0.156364  0.538182  0.080000
 0.396364  0.170909  0.061818  0.370909
 0.374545  0.181818  0.105455  0.338182
URL http://jaspar.genereg.net/matrix/MA0558.1

MEME version 4

ALPHABET= ACGT

strands: + -

Background letter frequencies
A 0.25 C 0.25 G 0.25 T 0.25

MOTIF MA1012.1 AGL27
letter-probability matrix: alength= 4 w= 14 nsites= 142 E= 0
 0.176056  0.549296  0.176056  0.098592
 0.007042  0.028169  0.000000  0.964789
 0.000000  0.000000  0.000000  1.000000
 0.098592  0.000000  0.007042  0.894366
 0.000000  1.000000  0.000000  0.000000
 0.000000  0.387324  0.000000  0.612676
 0.760563  0.000000  0.007042  0.232394
 0.225352  0.014085  0.000000  0.760563
 0.063380  0.000000  0.000000  0.936620
 0.014085  0.000000  0.000000  0.985915
 0.105634  0.147887  0.014085  0.732394
 0.119718  0.105634  0.295775  0.478873
 0.232394  0.000000  0.767606  0.000000
 0.077465  0.014085  0.647887  0.260563
URL http://jaspar.genereg.net/matrix/MA1012.1

MEME version 4

ALPHABET= ACGT

strands: + -

Background letter frequencies
A 0.25 C 0.25 G 0.25 T 0.25

MOTIF MA1202.1 AGL55
letter-probability matrix: alength= 4 w= 6 nsites= 90 E= 0
 0.000000  0.055556  0.044444  0.900000
 0.000000  1.000000  0.000000  0.000000
 1.000000  0.000000  0.000000  0.000000
 0.000000  1.000000  0.000000  0.000000
 0.000000  1.000000  0.000000  0.000000
 1.000000  0.000000  0.000000  0.000000
URL http://jaspar.genereg.net/matrix/MA1202.1

MEME version 4

ALPHABET= ACGT

strands: + -

Background letter frequencies
A 0.25 C 0.25 G 0.25 T 0.25

MOTIF MA1201.1 AGL42
letter-probability matrix: alength= 4 w= 7 nsites= 146 E= 0
 0.000000  1.000000  0.000000  0.000000
 1.000000  0.000000  0.000000  0.000000
 0.000000  0.082192  0.000000  0.917808
 0.000000  1.000000  0.000000  0.000000
 1.000000  0.000000  0.000000  0.000000
 0.000000  0.000000  0.000000  1.000000
 0.116438  0.500000  0.109589  0.273973
URL http://jaspar.genereg.net/matrix/MA1201.1

MEME version 4

ALPHABET= ACGT

strands: + -

Background letter frequencies
A 0.25 C 0.25 G 0.25 T 0.25

MOTIF MA0555.1 SVP
letter-probability matrix: alength= 4 w= 20 nsites= 92 E= 0
 0.304348  0.260870  0.228261  0.206522
 0.304348  0.119565  0.086957  0.489130
 0.304348  0.010870  0.108696  0.576087
 0.358696  0.173913  0.119565  0.347826
 0.076087  0.923913  0.000000  0.000000
 0.032609  0.858696  0.010870  0.097826
 0.630435  0.173913  0.076087  0.119565
 0.728261  0.054348  0.086957  0.130435
 0.934783  0.000000  0.000000  0.065217
 0.836957  0.010870  0.021739  0.130435
 0.847826  0.086957  0.032609  0.032609
 0.369565  0.108696  0.152174  0.369565
 0.173913  0.000000  0.804348  0.021739
 0.000000  0.000000  1.000000  0.000000
 0.771739  0.108696  0.000000  0.119565
 0.913043  0.021739  0.021739  0.043478
 0.836957  0.076087  0.021739  0.065217
 0.369565  0.086957  0.423913  0.119565
 0.543478  0.173913  0.054348  0.228261
 0.413043  0.228261  0.032609  0.326087
URL http://jaspar.genereg.net/matrix/MA0555.1

MEME version 4

ALPHABET= ACGT

strands: + -

Background letter frequencies
A 0.25 C 0.25 G 0.25 T 0.25

MOTIF MA1200.1 AGL25
letter-probability matrix: alength= 4 w= 18 nsites= 230 E= 0
 0.539130  0.078261  0.082609  0.300000
 0.095652  0.639130  0.208696  0.056522
 0.017391  0.034783  0.000000  0.947826
 0.000000  0.000000  0.000000  1.000000
 0.030435  0.000000  0.000000  0.969565
 0.000000  1.000000  0.000000  0.000000
 0.000000  0.913043  0.000000  0.086957
 0.469565  0.060870  0.013043  0.456522
 0.239130  0.056522  0.043478  0.660870
 0.369565  0.034783  0.026087  0.569565
 0.226087  0.052174  0.013043  0.708696
 0.243478  0.152174  0.095652  0.508696
 0.200000  0.139130  0.217391  0.443478
 0.295652  0.000000  0.613043  0.091304
 0.047826  0.073913  0.669565  0.208696
 0.521739  0.186957  0.069565  0.221739
 0.647826  0.086957  0.086957  0.178261
 0.639130  0.104348  0.117391  0.139130
URL http://jaspar.genereg.net/matrix/MA1200.1

MEME version 4

ALPHABET= ACGT

strands: + -

Background letter frequencies
A 0.25 C 0.25 G 0.25 T 0.25

MOTIF MA1203.1 AGL63
letter-probability matrix: alength= 4 w= 15 nsites= 597 E= 0
 0.152429  0.010050  0.065327  0.772194
 0.157454  0.055276  0.324958  0.462312
 0.013400  0.969849  0.000000  0.016750
 0.016750  0.911223  0.000000  0.072027
 0.743719  0.058626  0.135678  0.061977
 0.765494  0.015075  0.055276  0.164154
 0.907873  0.000000  0.000000  0.092127
 0.763819  0.001675  0.001675  0.232831
 0.690117  0.046901  0.045226  0.217755
 0.170854  0.167504  0.040201  0.621441
 0.107203  0.000000  0.874372  0.018425
 0.006700  0.000000  0.989950  0.003350
 0.472362  0.393635  0.033501  0.100503
 0.914573  0.021776  0.003350  0.060302
 0.792295  0.016750  0.046901  0.144054
URL http://jaspar.genereg.net/matrix/MA1203.1

MEME version 4

ALPHABET= ACGT

strands: + -

Background letter frequencies
A 0.25 C 0.25 G 0.25 T 0.25

MOTIF MA0083.3 SRF
letter-probability matrix: alength= 4 w= 16 nsites= 1548 E= 0
 0.138243  0.080749  0.051680  0.729328
 0.043029  0.087206  0.656340  0.213425
 0.404777  0.394448  0.092963  0.107811
 0.000000  0.991601  0.008399  0.000000
 0.001648  0.981868  0.006044  0.010440
 0.925142  0.010578  0.014646  0.049634
 0.033109  0.000000  0.003679  0.963213
 0.998283  0.000000  0.001717  0.000000
 0.000616  0.003079  0.004926  0.991379
 0.986418  0.000000  0.000000  0.013582
 0.287869  0.007869  0.000000  0.704262
 0.004182  0.004705  0.991113  0.000000
 0.004235  0.001059  0.991001  0.003706
 0.152060  0.060940  0.388857  0.398143
 0.213697  0.648700  0.091947  0.045656
 0.690620  0.047655  0.074130  0.187595
URL http://jaspar.genereg.net/matrix/MA0083.3

MEME version 4

ALPHABET= ACGT

strands: + -

Background letter frequencies
A 0.25 C 0.25 G 0.25 T 0.25

MOTIF MA0052.3 MEF2A
letter-probability matrix: alength= 4 w= 12 nsites= 1223 E= 0
 0.135732  0.070319  0.388389  0.405560
 0.047398  0.902416  0.002788  0.047398
 0.000000  0.009184  0.000000  0.990816
 0.992843  0.003067  0.000000  0.004090
 0.531346  0.000000  0.002055  0.466598
 0.860816  0.001773  0.000000  0.137411
 0.950098  0.000000  0.000000  0.049902
 0.957594  0.003945  0.000000  0.038462
 0.000000  0.002055  0.000000  0.997945
 0.996920  0.002053  0.000000  0.001027
 0.143105  0.004337  0.842151  0.010408
 0.544715  0.332430  0.037037  0.085818
URL http://jaspar.genereg.net/matrix/MA0052.3

MEME version 4

ALPHABET= ACGT

strands: + -

Background letter frequencies
A 0.25 C 0.25 G 0.25 T 0.25

MOTIF MA0660.1 MEF2B
letter-probability matrix: alength= 4 w= 12 nsites= 3728 E= 0
 0.371513  0.019313  0.473712  0.135461
 0.005660  0.990566  0.000000  0.003774
 0.000000  0.007874  0.000000  0.992126
 0.995261  0.000000  0.000000  0.004739
 0.474302  0.000635  0.000000  0.525063
 0.813533  0.000000  0.003099  0.183368
 0.955124  0.000910  0.000606  0.043360
 0.985915  0.000000  0.000000  0.014085
 0.000000  0.000000  0.000000  1.000000
 0.997467  0.000950  0.000633  0.000950
 0.029969  0.005810  0.963303  0.000917
 0.269702  0.569223  0.026358  0.134718
URL http://jaspar.genereg.net/matrix/MA0660.1

MEME version 4

ALPHABET= ACGT

strands: + -

Background letter frequencies
A 0.25 C 0.25 G 0.25 T 0.25

MOTIF MA0773.1 MEF2D
letter-probability matrix: alength= 4 w= 12 nsites= 5804 E= 0
 0.365265  0.018780  0.333046  0.282908
 0.004759  0.986234  0.000000  0.009007
 0.000515  0.003775  0.000000  0.995710
 0.997250  0.001375  0.000344  0.001031
 0.479242  0.000000  0.000345  0.520413
 0.881245  0.000607  0.000000  0.118147
 0.963633  0.000000  0.000332  0.036035
 0.987745  0.000340  0.000170  0.011745
 0.000000  0.000000  0.000000  1.000000
 0.999311  0.000000  0.000689  0.000000
 0.054997  0.002758  0.941434  0.000811
 0.496362  0.402229  0.010838  0.090571
URL http://jaspar.genereg.net/matrix/MA0773.1

MEME version 4

ALPHABET= ACGT

strands: + -

Background letter frequencies
A 0.25 C 0.25 G 0.25 T 0.25

MOTIF MA0497.1 MEF2C
letter-probability matrix: alength= 4 w= 15 nsites= 2209 E= 0
 0.319149  0.145315  0.306021  0.229516
 0.331824  0.068357  0.259393  0.340426
 0.195111  0.088728  0.372114  0.344047
 0.172929  0.639203  0.035310  0.152558
 0.000000  0.445903  0.000000  0.554097
 0.731553  0.115890  0.033499  0.119058
 0.772295  0.014486  0.109099  0.104120
 0.953825  0.000000  0.039384  0.006790
 0.964690  0.000000  0.000905  0.034405
 0.966501  0.000000  0.001811  0.031689
 0.025351  0.028067  0.000000  0.946582
 0.985514  0.000000  0.014486  0.000000
 0.176098  0.054323  0.756451  0.013128
 0.441376  0.378452  0.066999  0.113173
 0.456768  0.203712  0.057039  0.282481
URL http://jaspar.genereg.net/matrix/MA0497.1

