MEME version 4

ALPHABET= ACGT

strands: + -

Background letter frequencies
A 0.25 C 0.25 G 0.25 T 0.25

MOTIF MA0049.1 hb
letter-probability matrix: alength= 4 w= 10 nsites= 16 E= 0
 0.062500  0.312500  0.500000  0.125000
 0.375000  0.500000  0.125000  0.000000
 0.562500  0.187500  0.250000  0.000000
 0.250000  0.187500  0.062500  0.500000
 0.812500  0.062500  0.000000  0.125000
 1.000000  0.000000  0.000000  0.000000
 1.000000  0.000000  0.000000  0.000000
 0.875000  0.000000  0.125000  0.000000
 0.937500  0.062500  0.000000  0.000000
 0.562500  0.125000  0.125000  0.187500
URL http://jaspar.genereg.net/matrix/MA0049.1

MEME version 4

ALPHABET= ACGT

strands: + -

Background letter frequencies
A 0.25 C 0.25 G 0.25 T 0.25

MOTIF MA0483.1 Gfi1b
letter-probability matrix: alength= 4 w= 11 nsites= 1761 E= 0
 0.638274  0.248722  0.059057  0.053947
 1.000000  0.000000  0.000000  0.000000
 0.998864  0.000000  0.001136  0.000000
 0.000000  0.191936  0.015900  0.792164
 0.000000  1.000000  0.000000  0.000000
 0.586599  0.011925  0.000000  0.401476
 0.034639  0.745031  0.220329  0.000000
 0.633731  0.000000  0.000568  0.365701
 0.032368  0.000568  0.951732  0.015332
 0.080636  0.754117  0.043157  0.122090
 0.420216  0.245883  0.073822  0.260080
URL http://jaspar.genereg.net/matrix/MA0483.1

MEME version 4

ALPHABET= ACGT

strands: + -

Background letter frequencies
A 0.25 C 0.25 G 0.25 T 0.25

MOTIF MA0463.1 Bcl6
letter-probability matrix: alength= 4 w= 14 nsites= 956 E= 0
 0.199791  0.178870  0.256276  0.365063
 0.036611  0.023013  0.029289  0.911088
 0.005230  0.083682  0.031381  0.879707
 0.031381  0.916318  0.025105  0.027197
 0.000000  0.856695  0.000000  0.143305
 0.000000  0.000000  0.000000  1.000000
 0.466527  0.089958  0.422594  0.020921
 0.148536  0.000000  0.851464  0.000000
 0.984310  0.000000  0.011506  0.004184
 0.671548  0.105649  0.183054  0.039749
 0.643305  0.007322  0.222803  0.126569
 0.105649  0.096234  0.658996  0.139121
 0.197699  0.516736  0.121339  0.164226
 0.385983  0.196653  0.173640  0.243724
URL http://jaspar.genereg.net/matrix/MA0463.1

MEME version 4

ALPHABET= ACGT

strands: + -

Background letter frequencies
A 0.25 C 0.25 G 0.25 T 0.25

MOTIF MA0038.1 Gfi1
letter-probability matrix: alength= 4 w= 10 nsites= 53 E= 0
 0.169811  0.377358  0.169811  0.283019
 0.528302  0.301887  0.132075  0.037736
 1.000000  0.000000  0.000000  0.000000
 1.000000  0.000000  0.000000  0.000000
 0.018868  0.000000  0.018868  0.962264
 0.018868  0.981132  0.000000  0.000000
 0.584906  0.132075  0.037736  0.245283
 0.150943  0.528302  0.207547  0.113208
 0.358491  0.207547  0.037736  0.396226
 0.132075  0.245283  0.528302  0.094340
URL http://jaspar.genereg.net/matrix/MA0038.1

MEME version 4

ALPHABET= ACGT

strands: + -

Background letter frequencies
A 0.25 C 0.25 G 0.25 T 0.25

MOTIF MA0863.1 MTF1
letter-probability matrix: alength= 4 w= 14 nsites= 55 E= 0
 0.018182  0.000000  0.072727  0.909091
 0.051724  0.086207  0.172414  0.689655
 0.018182  0.018182  0.000000  0.963636
 0.028986  0.014493  0.956522  0.000000
 0.013889  0.986111  0.000000  0.000000
 0.963636  0.000000  0.018182  0.018182
 0.027397  0.945205  0.027397  0.000000
 0.912281  0.052632  0.017544  0.017544
 0.000000  1.000000  0.000000  0.000000
 0.013889  0.000000  0.972222  0.013889
 0.142857  0.031746  0.666667  0.158730
 0.000000  0.887324  0.000000  0.112676
 0.707692  0.153846  0.107692  0.030769
 0.029412  0.911765  0.014706  0.044118
URL http://jaspar.genereg.net/matrix/MA0863.1

