MEME version 4

ALPHABET= ACGT

strands: + -

Background letter frequencies
A 0.25 C 0.25 G 0.25 T 0.25

MOTIF MA0440.1 ZAP1
letter-probability matrix: alength= 4 w= 15 nsites= 169 E= 0
 1.000000  0.000000  0.000000  0.000000
 0.000000  1.000000  0.000000  0.000000
 0.000000  1.000000  0.000000  0.000000
 0.000000  0.475490  0.000000  0.524510
 0.000000  0.000000  0.000000  1.000000
 0.532338  0.383085  0.084577  0.000000
 1.000000  0.000000  0.000000  0.000000
 0.616580  0.088083  0.295337  0.000000
 0.000000  0.000000  1.000000  0.000000
 0.000000  0.000000  1.000000  0.000000
 0.000000  0.000000  0.000000  1.000000
 0.098592  0.455399  0.173709  0.272300
 0.643243  0.000000  0.308108  0.048649
 0.052632  0.099415  0.000000  0.847953
 0.188525  0.000000  0.811475  0.000000
URL http://jaspar.genereg.net/matrix/MA0440.1

MEME version 4

ALPHABET= ACGT

strands: + -

Background letter frequencies
A 0.25 C 0.25 G 0.25 T 0.25

MOTIF MA0015.1 Cf2
letter-probability matrix: alength= 4 w= 10 nsites= 80 E= 0
 0.312500  0.162500  0.500000  0.025000
 0.012500  0.025000  0.012500  0.950000
 0.925000  0.025000  0.050000  0.000000
 0.000000  0.112500  0.050000  0.837500
 0.975000  0.025000  0.000000  0.000000
 0.012500  0.050000  0.012500  0.925000
 0.512500  0.025000  0.450000  0.012500
 0.025000  0.112500  0.012500  0.850000
 0.662500  0.037500  0.250000  0.050000
 0.150000  0.362500  0.187500  0.300000
URL http://jaspar.genereg.net/matrix/MA0015.1

MEME version 4

ALPHABET= ACGT

strands: + -

Background letter frequencies
A 0.25 C 0.25 G 0.25 T 0.25

MOTIF MA0088.2 ZNF143
letter-probability matrix: alength= 4 w= 16 nsites= 2034 E= 0
 0.042773  0.250246  0.075221  0.631760
 0.587980  0.000000  0.008055  0.403965
 0.013019  0.985741  0.000620  0.000620
 0.001241  0.998759  0.000000  0.000000
 0.000000  1.000000  0.000000  0.000000
 0.995668  0.000000  0.002475  0.001856
 0.000000  0.551082  0.036659  0.412260
 0.740847  0.081808  0.177346  0.000000
 0.958537  0.000000  0.040854  0.000610
 0.003713  0.000000  0.000619  0.995668
 0.035607  0.021726  0.937236  0.005432
 0.000000  1.000000  0.000000  0.000000
 0.891459  0.090747  0.001779  0.016014
 0.137615  0.425608  0.005983  0.430794
 0.041599  0.464111  0.005302  0.488989
 0.187163  0.010289  0.743753  0.058795
URL http://jaspar.genereg.net/matrix/MA0088.2

MEME version 4

ALPHABET= ACGT

strands: + -

Background letter frequencies
A 0.25 C 0.25 G 0.25 T 0.25

MOTIF MA0163.1 PLAG1
letter-probability matrix: alength= 4 w= 14 nsites= 18 E= 0
 0.000000  0.000000  1.000000  0.000000
 0.166667  0.000000  0.777778  0.055556
 0.000000  0.000000  1.000000  0.000000
 0.000000  0.000000  0.944444  0.055556
 0.000000  0.777778  0.222222  0.000000
 0.000000  0.833333  0.055556  0.111111
 0.222222  0.555556  0.055556  0.166667
 0.666667  0.000000  0.000000  0.333333
 0.611111  0.277778  0.111111  0.000000
 0.111111  0.000000  0.777778  0.111111
 0.000000  0.000000  1.000000  0.000000
 0.000000  0.000000  1.000000  0.000000
 0.000000  0.000000  0.888889  0.111111
 0.111111  0.000000  0.888889  0.000000
URL http://jaspar.genereg.net/matrix/MA0163.1

