MEME version 4

ALPHABET= ACGT

strands: + -

Background letter frequencies
A 0.25 C 0.25 G 0.25 T 0.25

MOTIF MA0299.1 GAL4
letter-probability matrix: alength= 4 w= 15 nsites= 2779 E= 0
 0.000000  1.000000  0.000000  0.000000
 0.000000  0.000000  1.000000  0.000000
 0.000000  0.155983  0.809473  0.034544
 0.252844  0.212870  0.301267  0.233019
 0.094867  0.369396  0.373944  0.161793
 0.316361  0.251475  0.311084  0.121080
 0.786218  0.000000  0.180840  0.032941
 0.197768  0.452040  0.282525  0.067667
 0.640871  0.112228  0.000000  0.246901
 0.206002  0.185058  0.545170  0.063770
 0.030544  0.244034  0.157175  0.568247
 0.366083  0.161765  0.345745  0.126408
 0.000000  0.480602  0.243813  0.275585
 0.077125  0.128651  0.137512  0.656712
 0.000000  1.000000  0.000000  0.000000
URL http://jaspar.genereg.net/matrix/MA0299.1

MEME version 4

ALPHABET= ACGT

strands: + -

Background letter frequencies
A 0.25 C 0.25 G 0.25 T 0.25

MOTIF MA0272.1 ARG81
letter-probability matrix: alength= 4 w= 8 nsites= 198 E= 0
 0.297980  0.060606  0.419192  0.222222
 0.036585  0.000000  0.024390  0.939024
 0.077220  0.000000  0.922780  0.000000
 1.000000  0.000000  0.000000  0.000000
 0.000000  0.996324  0.000000  0.003676
 0.006061  0.000000  0.000000  0.993939
 0.000000  1.000000  0.000000  0.000000
 0.317204  0.317204  0.021505  0.344086
URL http://jaspar.genereg.net/matrix/MA0272.1

MEME version 4

ALPHABET= ACGT

strands: + -

Background letter frequencies
A 0.25 C 0.25 G 0.25 T 0.25

MOTIF MA0324.1 LEU3
letter-probability matrix: alength= 4 w= 10 nsites= 100 E= 0
 0.000000  1.000000  0.000000  0.000000
 0.000000  1.000000  0.000000  0.000000
 0.000000  0.000000  0.565657  0.434343
 0.200000  0.000000  0.350000  0.450000
 0.257426  0.336634  0.000000  0.405941
 0.470000  0.120000  0.160000  0.250000
 0.000000  0.610000  0.390000  0.000000
 0.000000  1.000000  0.000000  0.000000
 0.000000  0.000000  1.000000  0.000000
 0.000000  0.320000  0.680000  0.000000
URL http://jaspar.genereg.net/matrix/MA0324.1

MEME version 4

ALPHABET= ACGT

strands: + -

Background letter frequencies
A 0.25 C 0.25 G 0.25 T 0.25

MOTIF MA0312.1 HAP1
letter-probability matrix: alength= 4 w= 8 nsites= 100 E= 0
 0.000000  1.000000  0.000000  0.000000
 0.000000  0.000000  1.000000  0.000000
 0.000000  0.000000  1.000000  0.000000
 0.890000  0.000000  0.110000  0.000000
 0.050000  0.260000  0.530000  0.160000
 0.510000  0.040000  0.040000  0.410000
 0.040000  0.040000  0.040000  0.880000
 0.570000  0.110000  0.110000  0.210000
URL http://jaspar.genereg.net/matrix/MA0312.1

MEME version 4

ALPHABET= ACGT

strands: + -

Background letter frequencies
A 0.25 C 0.25 G 0.25 T 0.25

MOTIF MA0352.1 PDR1
letter-probability matrix: alength= 4 w= 8 nsites= 99 E= 0
 0.080808  0.282828  0.151515  0.484848
 0.000000  1.000000  0.000000  0.000000
 0.000000  1.000000  0.000000  0.000000
 0.130000  0.000000  0.870000  0.000000
 0.020000  0.880000  0.080000  0.020000
 0.080000  0.020000  0.880000  0.020000
 0.101010  0.030303  0.838384  0.030303
 0.620000  0.080000  0.220000  0.080000
URL http://jaspar.genereg.net/matrix/MA0352.1

MEME version 4

ALPHABET= ACGT

strands: + -

Background letter frequencies
A 0.25 C 0.25 G 0.25 T 0.25

MOTIF MA0362.1 RDS2
letter-probability matrix: alength= 4 w= 7 nsites= 99 E= 0
 0.343434  0.393939  0.181818  0.080808
 0.000000  0.000000  0.000000  1.000000
 0.000000  1.000000  0.000000  0.000000
 0.000000  0.000000  1.000000  0.000000
 0.000000  0.000000  1.000000  0.000000
 0.120000  0.010000  0.860000  0.010000
 0.168317  0.069307  0.693069  0.069307
URL http://jaspar.genereg.net/matrix/MA0362.1

MEME version 4

ALPHABET= ACGT

strands: + -

Background letter frequencies
A 0.25 C 0.25 G 0.25 T 0.25

MOTIF MA0290.1 DAL81
letter-probability matrix: alength= 4 w= 19 nsites= 203 E= 0
 1.000000  0.000000  0.000000  0.000000
 1.000000  0.000000  0.000000  0.000000
 1.000000  0.000000  0.000000  0.000000
 1.000000  0.000000  0.000000  0.000000
 0.000000  0.000000  1.000000  0.000000
 0.000000  1.000000  0.000000  0.000000
 0.000000  1.000000  0.000000  0.000000
 0.000000  0.000000  1.000000  0.000000
 0.000000  1.000000  0.000000  0.000000
 0.000000  0.000000  1.000000  0.000000
 0.000000  0.000000  1.000000  0.000000
 0.000000  0.000000  1.000000  0.000000
 0.000000  1.000000  0.000000  0.000000
 0.000000  0.000000  1.000000  0.000000
 0.000000  0.000000  1.000000  0.000000
 0.000000  0.000000  1.000000  0.000000
 1.000000  0.000000  0.000000  0.000000
 0.000000  0.000000  0.000000  1.000000
 0.000000  0.000000  0.000000  1.000000
URL http://jaspar.genereg.net/matrix/MA0290.1

MEME version 4

ALPHABET= ACGT

strands: + -

Background letter frequencies
A 0.25 C 0.25 G 0.25 T 0.25

MOTIF MA0358.1 PUT3
letter-probability matrix: alength= 4 w= 8 nsites= 99 E= 0
 0.090909  0.727273  0.090909  0.090909
 0.020000  0.900000  0.020000  0.060000
 0.000000  1.000000  0.000000  0.000000
 0.000000  0.000000  1.000000  0.000000
 0.000000  0.000000  1.000000  0.000000
 0.000000  0.000000  1.000000  0.000000
 0.514851  0.148515  0.188119  0.148515
 0.455446  0.128713  0.168317  0.247525
URL http://jaspar.genereg.net/matrix/MA0358.1

MEME version 4

ALPHABET= ACGT

strands: + -

Background letter frequencies
A 0.25 C 0.25 G 0.25 T 0.25

MOTIF MA0361.1 RDS1
letter-probability matrix: alength= 4 w= 7 nsites= 100 E= 0
 0.010000  0.910000  0.010000  0.070000
 0.000000  0.110000  0.890000  0.000000
 0.000000  0.000000  1.000000  0.000000
 0.000000  0.840000  0.160000  0.000000
 0.000000  0.950000  0.050000  0.000000
 0.000000  0.110000  0.890000  0.000000
 0.316832  0.316832  0.316832  0.049505
URL http://jaspar.genereg.net/matrix/MA0361.1

MEME version 4

ALPHABET= ACGT

strands: + -

Background letter frequencies
A 0.25 C 0.25 G 0.25 T 0.25

MOTIF MA0410.1 UGA3
letter-probability matrix: alength= 4 w= 8 nsites= 100 E= 0
 0.100000  0.440000  0.270000  0.190000
 0.040404  0.282828  0.636364  0.040404
 0.000000  0.000000  1.000000  0.000000
 0.000000  1.000000  0.000000  0.000000
 0.000000  0.000000  1.000000  0.000000
 0.000000  0.000000  1.000000  0.000000
 0.020000  0.270000  0.690000  0.020000
 0.858586  0.020202  0.020202  0.101010
URL http://jaspar.genereg.net/matrix/MA0410.1

MEME version 4

ALPHABET= ACGT

strands: + -

Background letter frequencies
A 0.25 C 0.25 G 0.25 T 0.25

MOTIF MA0367.1 RGT1
letter-probability matrix: alength= 4 w= 11 nsites= 100 E= 0
 0.420000  0.130000  0.230000  0.220000
 0.340000  0.100000  0.340000  0.220000
 0.370000  0.000000  0.000000  0.630000
 0.217822  0.019802  0.000000  0.762376
 0.270000  0.150000  0.170000  0.410000
 0.300000  0.180000  0.040000  0.480000
 0.000000  0.120000  0.000000  0.880000
 0.000000  1.000000  0.000000  0.000000
 0.000000  1.000000  0.000000  0.000000
 0.039604  0.000000  0.881188  0.079208
 0.320000  0.130000  0.330000  0.220000
URL http://jaspar.genereg.net/matrix/MA0367.1

MEME version 4

ALPHABET= ACGT

strands: + -

Background letter frequencies
A 0.25 C 0.25 G 0.25 T 0.25

MOTIF MA0353.1 PDR3
letter-probability matrix: alength= 4 w= 8 nsites= 203 E= 0
 0.000000  0.000000  0.000000  1.000000
 0.000000  1.000000  0.000000  0.000000
 0.000000  1.000000  0.000000  0.000000
 0.000000  0.000000  1.000000  0.000000
 0.000000  1.000000  0.000000  0.000000
 0.000000  0.000000  1.000000  0.000000
 0.000000  0.000000  1.000000  0.000000
 1.000000  0.000000  0.000000  0.000000
URL http://jaspar.genereg.net/matrix/MA0353.1

MEME version 4

ALPHABET= ACGT

strands: + -

Background letter frequencies
A 0.25 C 0.25 G 0.25 T 0.25

MOTIF MA0428.1 YKL222C
letter-probability matrix: alength= 4 w= 9 nsites= 101 E= 0
 0.475248  0.227723  0.148515  0.148515
 0.690000  0.100000  0.190000  0.020000
 0.000000  1.000000  0.000000  0.000000
 0.000000  0.000000  1.000000  0.000000
 0.000000  0.000000  1.000000  0.000000
 0.920000  0.000000  0.080000  0.000000
 0.520000  0.020000  0.440000  0.020000
 0.650000  0.060000  0.060000  0.230000
 0.101010  0.101010  0.101010  0.696970
URL http://jaspar.genereg.net/matrix/MA0428.1

MEME version 4

ALPHABET= ACGT

strands: + -

Background letter frequencies
A 0.25 C 0.25 G 0.25 T 0.25

MOTIF MA0294.1 EDS1
letter-probability matrix: alength= 4 w= 9 nsites= 99 E= 0
 0.141414  0.525253  0.141414  0.191919
 0.000000  0.000000  1.000000  0.000000
 0.000000  0.000000  1.000000  0.000000
 1.000000  0.000000  0.000000  0.000000
 0.760000  0.000000  0.000000  0.240000
 0.475248  0.237624  0.099010  0.188119
 1.000000  0.000000  0.000000  0.000000
 0.828283  0.010101  0.010101  0.151515
 0.150000  0.200000  0.110000  0.540000
URL http://jaspar.genereg.net/matrix/MA0294.1

MEME version 4

ALPHABET= ACGT

strands: + -

Background letter frequencies
A 0.25 C 0.25 G 0.25 T 0.25

MOTIF MA0404.1 TBS1
letter-probability matrix: alength= 4 w= 8 nsites= 100 E= 0
 0.120000  0.780000  0.050000  0.050000
 0.030303  0.030303  0.909091  0.030303
 0.019802  0.019802  0.940594  0.019802
 0.757576  0.080808  0.080808  0.080808
 0.202020  0.131313  0.131313  0.535354
 0.000000  1.000000  0.000000  0.000000
 0.000000  1.000000  0.000000  0.000000
 0.080808  0.080808  0.757576  0.080808
URL http://jaspar.genereg.net/matrix/MA0404.1

MEME version 4

ALPHABET= ACGT

strands: + -

Background letter frequencies
A 0.25 C 0.25 G 0.25 T 0.25

MOTIF MA0420.1 ERT1
letter-probability matrix: alength= 4 w= 8 nsites= 99 E= 0
 0.515152  0.101010  0.222222  0.161616
 0.060000  0.470000  0.060000  0.410000
 0.000000  1.000000  0.000000  0.000000
 0.000000  0.000000  1.000000  0.000000
 0.000000  0.000000  1.000000  0.000000
 1.000000  0.000000  0.000000  0.000000
 1.000000  0.000000  0.000000  0.000000
 0.040404  0.636364  0.040404  0.282828
URL http://jaspar.genereg.net/matrix/MA0420.1

MEME version 4

ALPHABET= ACGT

strands: + -

Background letter frequencies
A 0.25 C 0.25 G 0.25 T 0.25

MOTIF MA0407.1 THI2
letter-probability matrix: alength= 4 w= 15 nsites= 1265 E= 0
 0.081423  0.000000  0.918577  0.000000
 0.000000  0.000000  1.000000  0.000000
 0.517504  0.436073  0.000000  0.046423
 1.000000  0.000000  0.000000  0.000000
 1.000000  0.000000  0.000000  0.000000
 0.000000  0.809486  0.000000  0.190514
 0.000000  0.402819  0.000000  0.597181
 0.053343  0.450038  0.429001  0.067618
 0.346519  0.000000  0.000000  0.653481
 0.728063  0.000000  0.000000  0.271937
 1.000000  0.000000  0.000000  0.000000
 0.000000  0.000000  1.000000  0.000000
 1.000000  0.000000  0.000000  0.000000
 0.643196  0.000000  0.356804  0.000000
 0.100311  0.830482  0.069207  0.000000
URL http://jaspar.genereg.net/matrix/MA0407.1

MEME version 4

ALPHABET= ACGT

strands: + -

Background letter frequencies
A 0.25 C 0.25 G 0.25 T 0.25

MOTIF MA0392.1 STB5
letter-probability matrix: alength= 4 w= 8 nsites= 99 E= 0
 0.000000  1.000000  0.000000  0.000000
 0.000000  0.000000  1.000000  0.000000
 0.000000  0.000000  1.000000  0.000000
 0.230000  0.190000  0.260000  0.320000
 0.227723  0.227723  0.465347  0.079208
 0.188119  0.247525  0.118812  0.445545
 0.060000  0.120000  0.060000  0.760000
 0.969697  0.010101  0.010101  0.010101
URL http://jaspar.genereg.net/matrix/MA0392.1

MEME version 4

ALPHABET= ACGT

strands: + -

Background letter frequencies
A 0.25 C 0.25 G 0.25 T 0.25

MOTIF MA0375.1 RSC30
letter-probability matrix: alength= 4 w= 8 nsites= 100 E= 0
 0.190000  0.500000  0.190000  0.120000
 0.151515  0.383838  0.464646  0.000000
 0.000000  0.920000  0.080000  0.000000
 0.000000  0.080000  0.920000  0.000000
 0.000000  0.920000  0.080000  0.000000
 0.000000  0.000000  1.000000  0.000000
 0.000000  0.850000  0.150000  0.000000
 0.000000  0.310000  0.690000  0.000000
URL http://jaspar.genereg.net/matrix/MA0375.1

MEME version 4

ALPHABET= ACGT

strands: + -

Background letter frequencies
A 0.25 C 0.25 G 0.25 T 0.25

MOTIF MA0412.1 UME6
letter-probability matrix: alength= 4 w= 13 nsites= 18 E= 0
 0.111111  0.000000  0.000000  0.888889
 0.000000  0.555556  0.277778  0.166667
 0.111111  0.000000  0.888889  0.000000
 0.000000  0.000000  1.000000  0.000000
 0.000000  1.000000  0.000000  0.000000
 0.000000  0.000000  1.000000  0.000000
 0.000000  0.000000  1.000000  0.000000
 0.000000  0.944444  0.000000  0.055556
 0.055556  0.000000  0.000000  0.944444
 1.000000  0.000000  0.000000  0.000000
 0.555556  0.055556  0.000000  0.388889
 0.388889  0.111111  0.055556  0.444444
 0.111111  0.000000  0.055556  0.833333
URL http://jaspar.genereg.net/matrix/MA0412.1

MEME version 4

ALPHABET= ACGT

strands: + -

Background letter frequencies
A 0.25 C 0.25 G 0.25 T 0.25

MOTIF MA0280.1 CAT8
letter-probability matrix: alength= 4 w= 6 nsites= 100 E= 0
 0.000000  1.000000  0.000000  0.000000
 0.000000  1.000000  0.000000  0.000000
 0.000000  0.000000  1.000000  0.000000
 0.000000  0.000000  1.000000  0.000000
 0.660000  0.130000  0.210000  0.000000
 0.320000  0.180000  0.280000  0.220000
URL http://jaspar.genereg.net/matrix/MA0280.1

MEME version 4

ALPHABET= ACGT

strands: + -

Background letter frequencies
A 0.25 C 0.25 G 0.25 T 0.25

MOTIF MA0348.1 OAF1
letter-probability matrix: alength= 4 w= 9 nsites= 100 E= 0
 0.110000  0.320000  0.110000  0.460000
 0.000000  1.000000  0.000000  0.000000
 0.000000  0.000000  1.000000  0.000000
 0.000000  0.000000  1.000000  0.000000
 0.565657  0.000000  0.434343  0.000000
 0.070000  0.000000  0.860000  0.070000
 0.673267  0.039604  0.039604  0.247525
 0.141414  0.070707  0.070707  0.717172
 0.571429  0.142857  0.142857  0.142857
URL http://jaspar.genereg.net/matrix/MA0348.1

MEME version 4

ALPHABET= ACGT

strands: + -

Background letter frequencies
A 0.25 C 0.25 G 0.25 T 0.25

MOTIF MA0424.1 YER184C
letter-probability matrix: alength= 4 w= 8 nsites= 99 E= 0
 0.282828  0.373737  0.060606  0.282828
 0.020000  0.170000  0.100000  0.710000
 0.000000  0.770000  0.150000  0.080000
 0.000000  1.000000  0.000000  0.000000
 0.000000  0.000000  1.000000  0.000000
 0.000000  0.000000  1.000000  0.000000
 0.690000  0.310000  0.000000  0.000000
 0.464646  0.151515  0.232323  0.151515
URL http://jaspar.genereg.net/matrix/MA0424.1

MEME version 4

ALPHABET= ACGT

strands: + -

Background letter frequencies
A 0.25 C 0.25 G 0.25 T 0.25

MOTIF MA0275.1 ASG1
letter-probability matrix: alength= 4 w= 6 nsites= 100 E= 0
 0.000000  0.760000  0.000000  0.240000
 0.000000  1.000000  0.000000  0.000000
 0.000000  0.000000  1.000000  0.000000
 0.000000  0.000000  1.000000  0.000000
 0.727273  0.111111  0.161616  0.000000
 0.530000  0.000000  0.000000  0.470000
URL http://jaspar.genereg.net/matrix/MA0275.1

MEME version 4

ALPHABET= ACGT

strands: + -

Background letter frequencies
A 0.25 C 0.25 G 0.25 T 0.25

MOTIF MA0282.1 CEP3
letter-probability matrix: alength= 4 w= 8 nsites= 100 E= 0
 0.040000  0.560000  0.040000  0.360000
 0.000000  0.000000  0.000000  1.000000
 0.000000  1.000000  0.000000  0.000000
 0.000000  0.000000  1.000000  0.000000
 0.000000  0.000000  1.000000  0.000000
 0.910000  0.010000  0.010000  0.070000
 0.910891  0.029703  0.029703  0.029703
 0.420000  0.210000  0.210000  0.160000
URL http://jaspar.genereg.net/matrix/MA0282.1

MEME version 4

ALPHABET= ACGT

strands: + -

Background letter frequencies
A 0.25 C 0.25 G 0.25 T 0.25

MOTIF MA0325.1 LYS14
letter-probability matrix: alength= 4 w= 8 nsites= 101 E= 0
 0.207921  0.485149  0.207921  0.099010
 0.040000  0.820000  0.100000  0.040000
 0.000000  0.000000  1.000000  0.000000
 0.000000  0.000000  1.000000  0.000000
 1.000000  0.000000  0.000000  0.000000
 1.000000  0.000000  0.000000  0.000000
 0.060000  0.000000  0.000000  0.940000
 0.128713  0.128713  0.069307  0.673267
URL http://jaspar.genereg.net/matrix/MA0325.1

MEME version 4

ALPHABET= ACGT

strands: + -

Background letter frequencies
A 0.25 C 0.25 G 0.25 T 0.25

MOTIF MA0308.1 GSM1
letter-probability matrix: alength= 4 w= 21 nsites= 998 E= 0
 0.322645  0.207415  0.190381  0.279559
 0.160160  0.172172  0.229229  0.438438
 0.219439  0.289579  0.168337  0.322645
 0.461924  0.124248  0.184369  0.229459
 0.349349  0.201201  0.233233  0.216216
 0.342685  0.144289  0.281563  0.231463
 0.567134  0.022044  0.017034  0.393788
 0.850701  0.009018  0.020040  0.120240
 0.400802  0.164329  0.182365  0.252505
 0.003006  0.917836  0.010020  0.069138
 0.004012  0.177533  0.038114  0.780341
 0.003006  0.986974  0.001002  0.009018
 0.000000  0.974925  0.025075  0.000000
 0.000000  0.030060  0.968938  0.001002
 0.136273  0.004008  0.850701  0.009018
 0.710130  0.060181  0.197593  0.032096
 0.289870  0.183551  0.439318  0.087262
 0.164164  0.172172  0.205205  0.458458
 0.373747  0.101202  0.232465  0.292585
 0.225451  0.168337  0.299599  0.306613
 0.322969  0.212638  0.195587  0.268806
URL http://jaspar.genereg.net/matrix/MA0308.1

MEME version 4

ALPHABET= ACGT

strands: + -

Background letter frequencies
A 0.25 C 0.25 G 0.25 T 0.25

MOTIF MA0283.1 CHA4
letter-probability matrix: alength= 4 w= 8 nsites= 100 E= 0
 0.220000  0.050000  0.680000  0.050000
 0.000000  0.000000  1.000000  0.000000
 0.000000  1.000000  0.000000  0.000000
 0.000000  0.000000  1.000000  0.000000
 0.000000  0.000000  1.000000  0.000000
 0.717172  0.000000  0.282828  0.000000
 0.220000  0.010000  0.760000  0.010000
 0.484848  0.101010  0.101010  0.313131
URL http://jaspar.genereg.net/matrix/MA0283.1

MEME version 4

ALPHABET= ACGT

strands: + -

Background letter frequencies
A 0.25 C 0.25 G 0.25 T 0.25

MOTIF MA0380.1 SIP4
letter-probability matrix: alength= 4 w= 7 nsites= 101 E= 0
 0.079208  0.475248  0.128713  0.316832
 0.000000  0.270000  0.000000  0.730000
 0.000000  0.990000  0.000000  0.010000
 0.000000  1.000000  0.000000  0.000000
 0.000000  0.000000  1.000000  0.000000
 0.230000  0.000000  0.630000  0.140000
 0.581633  0.163265  0.255102  0.000000
URL http://jaspar.genereg.net/matrix/MA0380.1

MEME version 4

ALPHABET= ACGT

strands: + -

Background letter frequencies
A 0.25 C 0.25 G 0.25 T 0.25

MOTIF MA0405.1 TEA1
letter-probability matrix: alength= 4 w= 8 nsites= 100 E= 0
 0.050000  0.050000  0.750000  0.150000
 0.000000  1.000000  0.000000  0.000000
 0.000000  0.000000  1.000000  0.000000
 0.000000  0.400000  0.600000  0.000000
 0.500000  0.000000  0.500000  0.000000
 0.000000  0.800000  0.200000  0.000000
 0.600000  0.000000  0.100000  0.300000
 0.150000  0.200000  0.050000  0.600000
URL http://jaspar.genereg.net/matrix/MA0405.1

MEME version 4

ALPHABET= ACGT

strands: + -

Background letter frequencies
A 0.25 C 0.25 G 0.25 T 0.25

MOTIF MA0391.1 STB4
letter-probability matrix: alength= 4 w= 7 nsites= 100 E= 0
 0.090000  0.430000  0.090000  0.390000
 0.000000  0.000000  0.000000  1.000000
 0.000000  1.000000  0.000000  0.000000
 0.000000  0.000000  1.000000  0.000000
 0.000000  0.000000  1.000000  0.000000
 1.000000  0.000000  0.000000  0.000000
 0.750000  0.010000  0.010000  0.230000
URL http://jaspar.genereg.net/matrix/MA0391.1

MEME version 4

ALPHABET= ACGT

strands: + -

Background letter frequencies
A 0.25 C 0.25 G 0.25 T 0.25

MOTIF MA0399.1 SUT1
letter-probability matrix: alength= 4 w= 7 nsites= 230 E= 0
 0.100000  0.617391  0.156522  0.126087
 0.201681  0.021008  0.777311  0.000000
 0.000000  1.000000  0.000000  0.000000
 0.031008  0.236434  0.728682  0.003876
 0.000000  0.169118  0.830882  0.000000
 0.208511  0.148936  0.642553  0.000000
 0.189655  0.060345  0.732759  0.017241
URL http://jaspar.genereg.net/matrix/MA0399.1

MEME version 4

ALPHABET= ACGT

strands: + -

Background letter frequencies
A 0.25 C 0.25 G 0.25 T 0.25

MOTIF MA0432.1 YNR063W
letter-probability matrix: alength= 4 w= 8 nsites= 102 E= 0
 0.078431  0.078431  0.176471  0.666667
 0.000000  1.000000  0.000000  0.000000
 0.000000  0.000000  1.000000  0.000000
 0.000000  0.000000  1.000000  0.000000
 1.000000  0.000000  0.000000  0.000000
 0.100000  0.000000  0.800000  0.100000
 0.900000  0.000000  0.000000  0.100000
 0.323529  0.029412  0.029412  0.617647
URL http://jaspar.genereg.net/matrix/MA0432.1

MEME version 4

ALPHABET= ACGT

strands: + -

Background letter frequencies
A 0.25 C 0.25 G 0.25 T 0.25

MOTIF MA0273.1 ARO80
letter-probability matrix: alength= 4 w= 21 nsites= 998 E= 0
 0.102204  0.155311  0.532064  0.210421
 0.330661  0.193387  0.301603  0.174349
 0.126253  0.232465  0.317635  0.323647
 0.407407  0.253253  0.203203  0.136136
 0.390782  0.193387  0.229459  0.186373
 0.310621  0.198397  0.135271  0.355711
 0.083083  0.154154  0.336336  0.426426
 0.040040  0.744745  0.030030  0.185185
 0.005015  0.231695  0.008024  0.755266
 0.005010  0.988978  0.001002  0.005010
 0.001001  0.022022  0.975976  0.001001
 0.001002  0.005010  0.991984  0.002004
 0.015030  0.359719  0.295591  0.329659
 0.671343  0.004008  0.006012  0.318637
 0.690691  0.068068  0.060060  0.181181
 0.105210  0.222445  0.372745  0.299599
 0.269269  0.119119  0.193193  0.418418
 0.353707  0.210421  0.205411  0.230461
 0.257257  0.217217  0.178178  0.347347
 0.236473  0.103206  0.349699  0.310621
 0.278557  0.252505  0.170341  0.298597
URL http://jaspar.genereg.net/matrix/MA0273.1

MEME version 4

ALPHABET= ACGT

strands: + -

Background letter frequencies
A 0.25 C 0.25 G 0.25 T 0.25

MOTIF MA0422.1 URC2
letter-probability matrix: alength= 4 w= 10 nsites= 101 E= 0
 0.247525  0.376238  0.108911  0.267327
 0.000000  1.000000  0.000000  0.000000
 0.000000  0.000000  1.000000  0.000000
 0.000000  0.000000  1.000000  0.000000
 0.740000  0.090000  0.170000  0.000000
 0.230000  0.170000  0.460000  0.140000
 0.565657  0.000000  0.000000  0.434343
 0.141414  0.000000  0.000000  0.858586
 0.940000  0.060000  0.000000  0.000000
 0.360000  0.170000  0.150000  0.320000
URL http://jaspar.genereg.net/matrix/MA0422.1

MEME version 4

ALPHABET= ACGT

strands: + -

Background letter frequencies
A 0.25 C 0.25 G 0.25 T 0.25

MOTIF MA0430.1 YLR278C
letter-probability matrix: alength= 4 w= 8 nsites= 99 E= 0
 0.131313  0.424242  0.131313  0.313131
 0.000000  1.000000  0.000000  0.000000
 0.000000  0.000000  1.000000  0.000000
 0.000000  0.000000  1.000000  0.000000
 0.960000  0.000000  0.040000  0.000000
 0.040000  0.140000  0.820000  0.000000
 0.230000  0.020000  0.050000  0.700000
 0.270000  0.050000  0.050000  0.630000
URL http://jaspar.genereg.net/matrix/MA0430.1

MEME version 4

ALPHABET= ACGT

strands: + -

Background letter frequencies
A 0.25 C 0.25 G 0.25 T 0.25

MOTIF MA0292.1 ECM22
letter-probability matrix: alength= 4 w= 7 nsites= 99 E= 0
 0.282828  0.363636  0.070707  0.282828
 0.141414  0.070707  0.070707  0.717172
 0.000000  1.000000  0.000000  0.000000
 0.000000  1.000000  0.000000  0.000000
 0.000000  0.140000  0.860000  0.000000
 0.000000  0.000000  0.860000  0.140000
 0.930000  0.000000  0.070000  0.000000
URL http://jaspar.genereg.net/matrix/MA0292.1

MEME version 4

ALPHABET= ACGT

strands: + -

Background letter frequencies
A 0.25 C 0.25 G 0.25 T 0.25

MOTIF MA0354.1 PDR8
letter-probability matrix: alength= 4 w= 8 nsites= 99 E= 0
 0.383838  0.151515  0.383838  0.080808
 0.000000  1.000000  0.000000  0.000000
 0.000000  0.000000  1.000000  0.000000
 0.000000  0.000000  1.000000  0.000000
 1.000000  0.000000  0.000000  0.000000
 0.079208  0.079208  0.841584  0.000000
 1.000000  0.000000  0.000000  0.000000
 0.130000  0.060000  0.060000  0.750000
URL http://jaspar.genereg.net/matrix/MA0354.1

MEME version 4

ALPHABET= ACGT

strands: + -

Background letter frequencies
A 0.25 C 0.25 G 0.25 T 0.25

MOTIF MA0437.1 YPR196W
letter-probability matrix: alength= 4 w= 9 nsites= 100 E= 0
 0.610000  0.000000  0.260000  0.130000
 0.320000  0.000000  0.000000  0.680000
 0.170000  0.000000  0.000000  0.830000
 0.242424  0.040404  0.020202  0.696970
 0.170000  0.440000  0.110000  0.280000
 0.120000  0.320000  0.070000  0.490000
 0.000000  0.930000  0.070000  0.000000
 0.000000  1.000000  0.000000  0.000000
 0.029703  0.000000  0.920792  0.049505
URL http://jaspar.genereg.net/matrix/MA0437.1

MEME version 4

ALPHABET= ACGT

strands: + -

Background letter frequencies
A 0.25 C 0.25 G 0.25 T 0.25

MOTIF MA0374.1 RSC3
letter-probability matrix: alength= 4 w= 7 nsites= 100 E= 0
 0.000000  0.910000  0.050000  0.040000
 0.000000  0.000000  1.000000  0.000000
 0.000000  1.000000  0.000000  0.000000
 0.000000  0.000000  1.000000  0.000000
 0.060606  0.555556  0.181818  0.202020
 0.190000  0.300000  0.370000  0.140000
 0.227723  0.257426  0.336634  0.178218
URL http://jaspar.genereg.net/matrix/MA0374.1

MEME version 4

ALPHABET= ACGT

strands: + -

Background letter frequencies
A 0.25 C 0.25 G 0.25 T 0.25

MOTIF MA0360.1 RDR1
letter-probability matrix: alength= 4 w= 8 nsites= 101 E= 0
 0.247525  0.108911  0.108911  0.534653
 0.000000  0.000000  1.000000  0.000000
 0.000000  1.000000  0.000000  0.000000
 0.000000  0.000000  1.000000  0.000000
 0.000000  0.000000  1.000000  0.000000
 1.000000  0.000000  0.000000  0.000000
 0.860000  0.000000  0.000000  0.140000
 0.267327  0.475248  0.128713  0.128713
URL http://jaspar.genereg.net/matrix/MA0360.1

MEME version 4

ALPHABET= ACGT

strands: + -

Background letter frequencies
A 0.25 C 0.25 G 0.25 T 0.25

MOTIF MA0411.1 UPC2
letter-probability matrix: alength= 4 w= 7 nsites= 100 E= 0
 0.160000  0.250000  0.190000  0.400000
 0.595960  0.030303  0.282828  0.090909
 0.380000  0.000000  0.000000  0.620000
 1.000000  0.000000  0.000000  0.000000
 0.000000  1.000000  0.000000  0.000000
 0.010000  0.000000  0.990000  0.000000
 0.821782  0.049505  0.089109  0.039604
URL http://jaspar.genereg.net/matrix/MA0411.1

MEME version 4

ALPHABET= ACGT

strands: + -

Background letter frequencies
A 0.25 C 0.25 G 0.25 T 0.25

MOTIF MA0439.1 YRR1
letter-probability matrix: alength= 4 w= 11 nsites= 100 E= 0
 0.210000  0.420000  0.220000  0.150000
 0.161616  0.161616  0.101010  0.575758
 0.220000  0.080000  0.040000  0.660000
 0.890000  0.010000  0.020000  0.080000
 0.190000  0.090000  0.040000  0.680000
 0.277228  0.326733  0.079208  0.316832
 0.039604  0.217822  0.069307  0.673267
 0.000000  1.000000  0.000000  0.000000
 0.000000  1.000000  0.000000  0.000000
 0.030000  0.000000  0.950000  0.020000
 0.060000  0.410000  0.140000  0.390000
URL http://jaspar.genereg.net/matrix/MA0439.1

MEME version 4

ALPHABET= ACGT

strands: + -

Background letter frequencies
A 0.25 C 0.25 G 0.25 T 0.25

MOTIF MA0311.1 HAL9
letter-probability matrix: alength= 4 w= 5 nsites= 99 E= 0
 0.000000  1.000000  0.000000  0.000000
 0.000000  0.000000  1.000000  0.000000
 0.000000  0.000000  1.000000  0.000000
 1.000000  0.000000  0.000000  0.000000
 0.626263  0.000000  0.373737  0.000000
URL http://jaspar.genereg.net/matrix/MA0311.1

MEME version 4

ALPHABET= ACGT

strands: + -

Background letter frequencies
A 0.25 C 0.25 G 0.25 T 0.25

MOTIF MA0429.1 YLL054C
letter-probability matrix: alength= 4 w= 7 nsites= 100 E= 0
 0.000000  1.000000  0.000000  0.000000
 0.000000  0.000000  1.000000  0.000000
 0.000000  0.000000  1.000000  0.000000
 0.212121  0.646465  0.141414  0.000000
 0.090000  0.660000  0.160000  0.090000
 0.130000  0.050000  0.770000  0.050000
 0.571429  0.142857  0.071429  0.214286
URL http://jaspar.genereg.net/matrix/MA0429.1

MEME version 4

ALPHABET= ACGT

strands: + -

Background letter frequencies
A 0.25 C 0.25 G 0.25 T 0.25

MOTIF MA0438.1 YRM1
letter-probability matrix: alength= 4 w= 8 nsites= 100 E= 0
 0.510000  0.150000  0.230000  0.110000
 0.020000  0.940000  0.020000  0.020000
 0.000000  0.000000  1.000000  0.000000
 0.000000  0.000000  1.000000  0.000000
 1.000000  0.000000  0.000000  0.000000
 0.600000  0.120000  0.160000  0.120000
 0.930000  0.010000  0.010000  0.050000
 0.120000  0.080000  0.040000  0.760000
URL http://jaspar.genereg.net/matrix/MA0438.1

