MEME version 4

ALPHABET= ACGT

strands: + -

Background letter frequencies
A 0.25 C 0.25 G 0.25 T 0.25

MOTIF MA0263.1 ceh-10::ttx-3
letter-probability matrix: alength= 4 w= 14 nsites= 29 E= 0
 0.965517  0.000000  0.034483  0.000000
 0.000000  0.000000  0.034483  0.965517
 0.034483  0.000000  0.000000  0.965517
 0.310345  0.000000  0.689655  0.000000
 0.000000  0.000000  0.965517  0.034483
 0.068966  0.551724  0.034483  0.344828
 0.103448  0.172414  0.034483  0.689655
 0.034483  0.172414  0.000000  0.793103
 0.482759  0.517241  0.000000  0.000000
 0.137931  0.103448  0.758621  0.000000
 0.000000  0.000000  0.000000  1.000000
 0.000000  0.068966  0.000000  0.931034
 0.827586  0.034483  0.000000  0.137931
 0.517241  0.000000  0.310345  0.172414
URL http://jaspar.genereg.net/matrix/MA0263.1

