MEME version 4

ALPHABET= ACGT

strands: + -

Background letter frequencies
A 0.25 C 0.25 G 0.25 T 0.25

MOTIF MA0369.1 RLM1
letter-probability matrix: alength= 4 w= 18 nsites= 38 E= 0
 0.263158  0.263158  0.263158  0.210526
 0.333333  0.047619  0.380952  0.238095
 0.261905  0.000000  0.023810  0.714286
 0.000000  0.000000  0.119048  0.880952
 0.000000  1.000000  0.000000  0.000000
 0.000000  0.000000  0.000000  1.000000
 1.000000  0.000000  0.000000  0.000000
 0.380952  0.000000  0.000000  0.619048
 0.523810  0.000000  0.000000  0.476190
 0.547619  0.000000  0.000000  0.452381
 0.761905  0.000000  0.000000  0.238095
 0.000000  0.000000  0.000000  1.000000
 1.000000  0.000000  0.000000  0.000000
 0.000000  0.000000  1.000000  0.000000
 0.642857  0.333333  0.000000  0.023810
 0.097561  0.365854  0.048780  0.487805
 0.166667  0.380952  0.071429  0.380952
 0.250000  0.325000  0.250000  0.175000
URL http://jaspar.genereg.net/matrix/MA0369.1

