MEME version 4

ALPHABET= ACGT

strands: + -

Background letter frequencies
A 0.25 C 0.25 G 0.25 T 0.25

MOTIF MA0045.1 HMG-I/Y
letter-probability matrix: alength= 4 w= 16 nsites= 14 E= 0
 0.214286  0.357143  0.285714  0.142857
 0.500000  0.000000  0.214286  0.285714
 0.642857  0.071429  0.071429  0.214286
 0.214286  0.428571  0.285714  0.071429
 0.785714  0.000000  0.214286  0.000000
 0.785714  0.000000  0.142857  0.071429
 0.785714  0.000000  0.142857  0.071429
 0.214286  0.214286  0.142857  0.428571
 0.285714  0.071429  0.571429  0.071429
 0.214286  0.285714  0.428571  0.071429
 0.571429  0.357143  0.071429  0.000000
 0.571429  0.071429  0.285714  0.071429
 0.642857  0.000000  0.142857  0.214286
 0.642857  0.357143  0.000000  0.000000
 0.785714  0.000000  0.214286  0.000000
 0.142857  0.500000  0.000000  0.357143
URL http://jaspar.genereg.net/matrix/MA0045.1

