MEME version 4

ALPHABET= ACGT

strands: + -

Background letter frequencies
A 0.25 C 0.25 G 0.25 T 0.25

MOTIF MA0555.1 SVP
letter-probability matrix: alength= 4 w= 20 nsites= 92 E= 0
 0.304348  0.260870  0.228261  0.206522
 0.304348  0.119565  0.086957  0.489130
 0.304348  0.010870  0.108696  0.576087
 0.358696  0.173913  0.119565  0.347826
 0.076087  0.923913  0.000000  0.000000
 0.032609  0.858696  0.010870  0.097826
 0.630435  0.173913  0.076087  0.119565
 0.728261  0.054348  0.086957  0.130435
 0.934783  0.000000  0.000000  0.065217
 0.836957  0.010870  0.021739  0.130435
 0.847826  0.086957  0.032609  0.032609
 0.369565  0.108696  0.152174  0.369565
 0.173913  0.000000  0.804348  0.021739
 0.000000  0.000000  1.000000  0.000000
 0.771739  0.108696  0.000000  0.119565
 0.913043  0.021739  0.021739  0.043478
 0.836957  0.076087  0.021739  0.065217
 0.369565  0.086957  0.423913  0.119565
 0.543478  0.173913  0.054348  0.228261
 0.413043  0.228261  0.032609  0.326087
URL http://jaspar.genereg.net/matrix/MA0555.1

