MEME version 4

ALPHABET= ACGT

strands: + -

Background letter frequencies
A 0.25 C 0.25 G 0.25 T 0.25

MOTIF MA1283.1 TCP14
letter-probability matrix: alength= 4 w= 20 nsites= 47 E= 0
 0.659574  0.106383  0.106383  0.127660
 0.276596  0.340426  0.276596  0.106383
 0.851064  0.000000  0.085106  0.063830
 0.297872  0.042553  0.382979  0.276596
 0.765957  0.042553  0.085106  0.106383
 0.106383  0.106383  0.595745  0.191489
 0.212766  0.297872  0.382979  0.106383
 0.468085  0.042553  0.255319  0.234043
 0.042553  0.212766  0.340426  0.404255
 0.000000  0.000000  1.000000  0.000000
 0.000000  0.000000  0.000000  1.000000
 0.042553  0.000000  0.957447  0.000000
 0.000000  0.000000  1.000000  0.000000
 0.000000  0.000000  1.000000  0.000000
 0.404255  0.000000  0.382979  0.212766
 0.000000  1.000000  0.000000  0.000000
 0.000000  1.000000  0.000000  0.000000
 0.000000  1.000000  0.000000  0.000000
 0.914894  0.000000  0.085106  0.000000
 0.000000  1.000000  0.000000  0.000000
URL http://jaspar.genereg.net/matrix/MA1283.1

