MEME version 4

ALPHABET= ACGT

strands: + -

Background letter frequencies
A 0.25 C 0.25 G 0.25 T 0.25

MOTIF MA0068.1 Pax4
letter-probability matrix: alength= 4 w= 30 nsites= 21 E= 0
 0.333333  0.095238  0.523810  0.047619
 0.952381  0.000000  0.047619  0.000000
 0.761905  0.095238  0.047619  0.095238
 0.523810  0.047619  0.047619  0.380952
 0.619048  0.047619  0.142857  0.190476
 0.523810  0.142857  0.047619  0.285714
 0.285714  0.047619  0.095238  0.571429
 0.428571  0.047619  0.047619  0.476190
 0.238095  0.142857  0.285714  0.333333
 0.238095  0.523810  0.047619  0.190476
 0.285714  0.523810  0.190476  0.000000
 0.333333  0.333333  0.238095  0.095238
 0.380952  0.333333  0.095238  0.190476
 0.285714  0.238095  0.047619  0.428571
 0.476190  0.238095  0.190476  0.095238
 0.190476  0.380952  0.190476  0.238095
 0.142857  0.285714  0.190476  0.380952
 0.333333  0.380952  0.142857  0.142857
 0.190476  0.428571  0.142857  0.238095
 0.428571  0.285714  0.095238  0.190476
 0.238095  0.333333  0.238095  0.190476
 0.238095  0.285714  0.095238  0.380952
 0.333333  0.523810  0.000000  0.142857
 0.285714  0.428571  0.047619  0.238095
 0.142857  0.571429  0.095238  0.190476
 0.333333  0.428571  0.095238  0.142857
 0.142857  0.571429  0.095238  0.190476
 0.047619  0.523810  0.142857  0.285714
 0.285714  0.523810  0.047619  0.142857
 0.142857  0.619048  0.095238  0.142857
URL http://jaspar.genereg.net/matrix/MA0068.1

