MEME version 4

ALPHABET= ACGT

strands: + -

Background letter frequencies
A 0.25 C 0.25 G 0.25 T 0.25

MOTIF MA0864.1 E2F2
letter-probability matrix: alength= 4 w= 16 nsites= 43 E= 0
 0.930233  0.000000  0.000000  0.069767
 0.953488  0.000000  0.000000  0.046512
 0.976190  0.000000  0.000000  0.023810
 0.666667  0.019608  0.058824  0.254902
 0.236111  0.013889  0.111111  0.638889
 0.000000  0.078947  0.894737  0.026316
 0.000000  0.000000  1.000000  0.000000
 0.000000  1.000000  0.000000  0.000000
 0.000000  0.000000  1.000000  0.000000
 0.000000  1.000000  0.000000  0.000000
 0.000000  0.911765  0.088235  0.000000
 0.765957  0.063830  0.000000  0.170213
 0.306452  0.016129  0.000000  0.677419
 0.150000  0.000000  0.000000  0.850000
 0.018868  0.000000  0.000000  0.981132
 0.180000  0.060000  0.020000  0.740000
URL http://jaspar.genereg.net/matrix/MA0864.1

