MEME version 4

ALPHABET= ACGT

strands: + -

Background letter frequencies
A 0.25 C 0.25 G 0.25 T 0.25

MOTIF MA0046.1 HNF1A
letter-probability matrix: alength= 4 w= 14 nsites= 21 E= 0
 0.238095  0.000000  0.666667  0.095238
 0.047619  0.000000  0.952381  0.000000
 0.047619  0.000000  0.000000  0.952381
 0.047619  0.000000  0.000000  0.952381
 0.952381  0.000000  0.000000  0.047619
 0.761905  0.095238  0.047619  0.095238
 0.047619  0.000000  0.000000  0.952381
 0.380952  0.095238  0.190476  0.333333
 0.666667  0.000000  0.047619  0.285714
 0.095238  0.000000  0.000000  0.904762
 0.000000  0.190476  0.000000  0.809524
 0.619048  0.047619  0.142857  0.190476
 0.380952  0.380952  0.142857  0.095238
 0.238095  0.619048  0.000000  0.142857
URL http://jaspar.genereg.net/matrix/MA0046.1

