MEME version 4

ALPHABET= ACGT

strands: + -

Background letter frequencies
A 0.25 C 0.25 G 0.25 T 0.25

MOTIF MA0014.1 Pax5
letter-probability matrix: alength= 4 w= 20 nsites= 12 E= 0
 0.333333  0.083333  0.333333  0.250000
 0.333333  0.000000  0.666667  0.000000
 0.333333  0.250000  0.250000  0.166667
 0.083333  0.166667  0.416667  0.333333
 0.166667  0.583333  0.083333  0.166667
 0.583333  0.166667  0.083333  0.166667
 0.166667  0.416667  0.250000  0.166667
 0.000000  0.250000  0.166667  0.583333
 0.083333  0.166667  0.666667  0.083333
 0.500000  0.083333  0.250000  0.166667
 0.500000  0.000000  0.166667  0.333333
 0.000000  0.000000  1.000000  0.000000
 0.166667  0.666667  0.083333  0.083333
 0.250000  0.000000  0.750000  0.000000
 0.083333  0.000000  0.333333  0.583333
 0.500000  0.083333  0.416667  0.000000
 0.416667  0.083333  0.416667  0.083333
 0.166667  0.833333  0.000000  0.000000
 0.166667  0.416667  0.416667  0.000000
 0.416667  0.000000  0.500000  0.083333
URL http://jaspar.genereg.net/matrix/MA0014.1

