MEME version 4

ALPHABET= ACGT

strands: + -

Background letter frequencies
A 0.25 C 0.25 G 0.25 T 0.25

MOTIF MA0007.1 Ar
letter-probability matrix: alength= 4 w= 22 nsites= 24 E= 0
 0.375000  0.291667  0.083333  0.250000
 0.375000  0.083333  0.125000  0.416667
 0.458333  0.125000  0.125000  0.291667
 0.666667  0.041667  0.291667  0.000000
 0.000000  0.000000  0.916667  0.083333
 0.500000  0.250000  0.041667  0.208333
 0.875000  0.083333  0.000000  0.041667
 0.000000  1.000000  0.000000  0.000000
 0.625000  0.000000  0.333333  0.041667
 0.166667  0.375000  0.083333  0.375000
 0.208333  0.458333  0.083333  0.250000
 0.250000  0.375000  0.375000  0.000000
 0.125000  0.208333  0.041667  0.625000
 0.000000  0.000000  1.000000  0.000000
 0.166667  0.000000  0.000000  0.833333
 0.458333  0.208333  0.041667  0.291667
 0.041667  0.916667  0.041667  0.000000
 0.125000  0.666667  0.041667  0.166667
 0.250000  0.291667  0.208333  0.250000
 0.250000  0.208333  0.375000  0.166667
 0.416667  0.458333  0.000000  0.125000
 0.208333  0.458333  0.250000  0.083333
URL http://jaspar.genereg.net/matrix/MA0007.1

