MEME version 4

ALPHABET= ACGT

strands: + -

Background letter frequencies
A 0.25 C 0.25 G 0.25 T 0.25

MOTIF MA0138.1 REST
letter-probability matrix: alength= 4 w= 19 nsites= 22 E= 0
 0.045455  0.090909  0.681818  0.181818
 0.318182  0.409091  0.045455  0.227273
 0.045455  0.136364  0.681818  0.136364
 0.000000  1.000000  0.000000  0.000000
 0.000000  0.045455  0.000000  0.954545
 0.045455  0.181818  0.772727  0.000000
 0.000000  0.000000  0.090909  0.909091
 0.000000  0.863636  0.045455  0.090909
 0.000000  0.954545  0.000000  0.045455
 0.500000  0.136364  0.227273  0.136364
 0.227273  0.045455  0.136364  0.590909
 0.090909  0.000000  0.909091  0.000000
 0.000000  0.045455  0.954545  0.000000
 0.045455  0.000000  0.045455  0.909091
 0.000000  0.136364  0.727273  0.136364
 0.000000  0.954545  0.000000  0.045455
 0.000000  0.045455  0.000000  0.954545
 0.045455  0.045455  0.909091  0.000000
 0.681818  0.045455  0.227273  0.045455
URL http://jaspar.genereg.net/matrix/MA0138.1

